187437776.000000
187295024.000000
187074432.000000
186728912.000000
186302528.000000
185756208.000000
185130208.000000
184391664.000000
183572976.000000
182651584.000000
181649984.000000
180556000.000000
179385936.000000
178135600.000000
176810704.000000
175416048.000000
173952768.000000
172431296.000000
170847248.000000
169219008.000000
167534256.000000
165819616.000000
164053920.000000
162271696.000000
160446752.000000
158618400.000000
156751856.000000
154896288.000000
153010656.000000
151147008.000000
149260992.000000
147404960.000000
145539504.000000
143710976.000000
141882928.000000
140096928.000000
138323728.000000
136595568.000000
134891936.000000
133235416.000000
131612472.000000
130039096.000000
128510064.000000
127027840.000000
125595880.000000
124212416.000000
122886592.000000
121606808.000000
120392344.000000
119221344.000000
118119424.000000
117057832.000000
116068760.000000
115115704.000000
114238296.000000
113393600.000000
112623168.000000
111881184.000000
111212832.000000
110568632.000000
109992320.000000
109441072.000000
108951840.000000
108487256.000000
108076768.000000
107689352.000000
107348736.000000
107029480.000000
106748976.000000
106490016.000000
106259608.000000
106050320.000000
105861512.000000
105689480.000000
105530488.000000
105389456.000000
105251664.000000
105131928.000000
105006832.000000
104900352.000000
104780544.000000
104680176.000000
104558824.000000
104455832.000000
104328256.000000
104217960.000000
104074904.000000
103948896.000000
103789864.000000
103642480.000000
103465760.000000
103295096.000000
103096848.000000
102901632.000000
102681488.000000
102459072.000000
102216328.000000
101968800.000000
101704400.000000
101430632.000000
101145784.000000
100848272.000000
100543328.000000
100223752.000000
99901864.000000
99563240.000000
99226464.000000
98870904.000000
98525376.000000
98157424.000000
97805096.000000
97431272.000000
97075064.000000
96696176.000000
96341224.000000
95960456.000000
95605112.000000
95231040.000000
94880432.000000
94514424.000000
94170272.000000
93816256.000000
93483008.000000
93144352.000000
92822520.000000
92501496.000000
92195168.000000
91894208.000000
91602704.000000
91320648.000000
91045312.000000
90782144.000000
90523536.000000
90280448.000000
90035944.000000
89813040.000000
89583296.000000
89377640.000000
89163120.000000
88974600.000000
88774088.000000
88601376.000000
88412152.000000
88251320.000000
88072560.000000
87918912.000000
87748672.000000
87600824.000000
87436912.000000
87291880.000000
87133712.000000
86988200.000000
86833080.000000
86686456.000000
86530576.000000
86379680.000000
86223592.000000
86064792.000000
85902056.000000
85734744.000000
85565296.000000
85385328.000000
85209120.000000
85016136.000000
84828840.000000
84622568.000000
84425296.000000
84203888.000000
83996576.000000
83763248.000000
83543968.000000
83295920.000000
83064240.000000
82802776.000000
82557088.000000
82286352.000000
82029384.000000
81750632.000000
81483296.000000
81198608.000000
80923056.000000
80633984.000000
80352880.000000
80065000.000000
79780416.000000
79494048.000000
79208960.000000
78924504.000000
78640768.000000
78364432.000000
78085904.000000
77820560.000000
77550152.000000
77299376.000000
77040728.000000
76807048.000000
76563608.000000
76348840.000000
76123920.000000
75930944.000000
75725864.000000
75556272.000000
75374224.000000
75225800.000000
75070968.000000
74946312.000000
74818520.000000
74720640.000000
74622496.000000
74550144.000000
74484704.000000
74440192.000000
74406256.000000
74389608.000000
74384920.000000
74395176.000000
74420664.000000
74456688.000000
74512368.000000
74574440.000000
74658952.000000
74745216.000000
74857104.000000
74965472.000000
75102736.000000
75234088.000000
75394784.000000
75547200.000000
75730944.000000
75899552.000000
76100048.000000
76286384.000000
76500568.000000
76704136.000000
76931248.000000
77149344.000000
77387752.000000
77618880.000000
77864392.000000
78104848.000000
78355392.000000
78603624.000000
78855792.000000
79109136.000000
79360592.000000
79614744.000000
79863680.000000
80118608.000000
80364240.000000
80618696.000000
80857960.000000
81108640.000000
81341944.000000
81589056.000000
81815504.000000
82057720.000000
82274400.000000
82509872.000000
82717368.000000
82942296.000000
83141752.000000
83356832.000000
83549608.000000
83752832.000000
83938488.000000
84131784.000000
84309312.000000
84492312.000000
84663944.000000
84836064.000000
85002504.000000
85164968.000000
85325024.000000
85479528.000000
85632688.000000
85779672.000000
85931432.000000
86071368.000000
86220712.000000
86356928.000000
86505368.000000
86636112.000000
86784408.000000
86912808.000000
87061744.000000
87188880.000000
87338528.000000
87465232.000000
87614952.000000
87744104.000000
87893168.000000
88027904.000000
88178288.000000
88317328.000000
88471104.000000
88616888.000000
88773216.000000
88926472.000000
89085792.000000
89245856.000000
89408416.000000
89572456.000000
89737360.000000
89909240.000000
90077232.000000
90255368.000000
90426400.000000
90610464.000000
90783096.000000
90973800.000000
91147328.000000
91341096.000000
91518632.000000
91716544.000000
91893512.000000
92092992.000000
92269112.000000
92466240.000000
92644872.000000
92839784.000000
93018944.000000
93211840.000000
93390080.000000
93578344.000000
93756384.000000
93940088.000000
94117456.000000
94296408.000000
94473376.000000
94647376.000000
94819984.000000
94988280.000000
95159552.000000
95322720.000000
95494064.000000
95653008.000000
95824192.000000
95980304.000000
96152952.000000
96309448.000000
96484072.000000
96641176.000000
96820680.000000
96978544.000000
97160824.000000
97324432.000000
97511288.000000
97685360.000000
97880872.000000
98066840.000000
98272184.000000
98473016.000000
98692464.000000
98913552.000000
99151496.000000
99395368.000000
99653864.000000
99923384.000000
100204032.000000
100498768.000000
100805072.000000
101129784.000000
101464360.000000
101825344.000000
102190816.000000
102586536.000000
102984960.000000
103417800.000000
103850672.000000
104323032.000000
104793848.000000
105305216.000000
105813128.000000
106360984.000000
106907024.000000
107491336.000000
108076480.000000
108696904.000000
109320744.000000
109974552.000000
110634400.000000
111320576.000000
112015472.000000
112731344.000000
113459048.000000
114201360.000000
114956568.000000
115722136.000000
116499840.000000
117284216.000000
118082120.000000
118878672.000000
119691392.000000
120497088.000000
121320008.000000
122129728.000000
122958272.000000
123768800.000000
124596288.000000
125401488.000000
126222424.000000
127014912.000000
127821520.000000
128599448.000000
129385648.000000
130144920.000000
130905696.000000
131639720.000000
132371584.000000
133075424.000000
133771424.000000
134442464.000000
135099488.000000
135733072.000000
136347648.000000
136938976.000000
137506576.000000
138052992.000000
138569792.000000
139068096.000000
139533280.000000
139982752.000000
140392848.000000
140791392.000000
141145520.000000
141490304.000000
141790736.000000
142082768.000000
142326080.000000
142564032.000000
142750560.000000
142930256.000000
143064256.000000
143187936.000000
143270128.000000
143340128.000000
143370240.000000
143386256.000000
143368096.000000
143331824.000000
143265760.000000
143179616.000000
143067632.000000
142932608.000000
142774864.000000
142592960.000000
142392576.000000
142164896.000000
141924800.000000
141654672.000000
141376832.000000
141065504.000000
140750992.000000
140402576.000000
140054128.000000
139671168.000000
139290944.000000
138872576.000000
138459360.000000
138009264.000000
137563232.000000
137083872.000000
136607808.000000
136101824.000000
135596064.000000
135065440.000000
134531600.000000
133977232.000000
133418584.000000
132842336.000000
132258584.000000
131663584.000000
131057440.000000
130441800.000000
129813632.000000
129180560.000000
128531136.000000
127883120.000000
127215008.000000
126552264.000000
125868080.000000
125193440.000000
124495776.000000
123811440.000000
123101976.000000
122407632.000000
121688008.000000
120985920.000000
120259960.000000
119550720.000000
118820952.000000
118106808.000000
117377136.000000
116659456.000000
115931392.000000
115213768.000000
114489464.000000
113773960.000000
113057360.000000
112344776.000000
111637008.000000
110931296.000000
110231336.000000
109532560.000000
108845624.000000
108157504.000000
107485056.000000
106809856.000000
106154944.000000
105494656.000000
104859416.000000
104215752.000000
103600792.000000
102977176.000000
102383320.000000
101778360.000000
101205688.000000
100624016.000000
100072656.000000
99515872.000000
98985808.000000
98452984.000000
97945120.000000
97437912.000000
96951240.000000
96471552.000000
96008768.000000
95555688.000000
95114736.000000
94686320.000000
94267944.000000
93863888.000000
93466408.000000
93087208.000000
92711856.000000
92356704.000000
91999880.000000
91667384.000000
91329360.000000
91019008.000000
90701448.000000
90410936.000000
90110080.000000
89838288.000000
89551944.000000
89292048.000000
89021792.000000
88775192.000000
88519152.000000
88284344.000000
88041464.000000
87815360.000000
87584016.000000
87363936.000000
87142072.000000
86929240.000000
86716608.000000
86507192.000000
86300560.000000
86093696.000000
85891064.000000
85685288.000000
85487000.000000
85280632.000000
85085432.000000
84877072.000000
84682592.000000
84472120.000000
84278304.000000
84066048.000000
83870184.000000
83652296.000000
83453432.000000
83232120.000000
83027032.000000
82802968.000000
82593216.000000
82366112.000000
82150280.000000
81920416.000000
81697688.000000
81464368.000000
81236824.000000
81001344.000000
80767232.000000
80531072.000000
80291440.000000
80050488.000000
79805504.000000
79562720.000000
79312992.000000
79070152.000000
78816216.000000
78573400.000000
78316664.000000
78073184.000000
77813264.000000
77570768.000000
77310208.000000
77068064.000000
76805432.000000
76563528.000000
76301040.000000
76058096.000000
75798128.000000
75555192.000000
75300240.000000
75059760.000000
74809240.000000
74571456.000000
74326872.000000
74092784.000000
73856328.000000
73625072.000000
73396760.000000
73171040.000000
72948696.000000
72726912.000000
72515040.000000
72300112.000000
72097448.000000
71888560.000000
71697000.000000
71497088.000000
71317704.000000
71126624.000000
70958808.000000
70779824.000000
70625976.000000
70456896.000000
70314544.000000
70159096.000000
70027856.000000
69888280.000000
69771264.000000
69647536.000000
69544896.000000
69438704.000000
69350464.000000
69264120.000000
69191344.000000
69124552.000000
69067992.000000
69020096.000000
68979512.000000
68950152.000000
68925408.000000
68915176.000000
68907312.000000
68916520.000000
68922704.000000
68951856.000000
68973872.000000
69020616.000000
69059008.000000
69121704.000000
69175008.000000
69254224.000000
69319064.000000
69409968.000000
69489712.000000
69590960.000000
69682904.000000
69794664.000000
69896608.000000
70015256.000000
70129184.000000
70254536.000000
70376208.000000
70507216.000000
70637944.000000
70770640.000000
70904432.000000
71037504.000000
71173480.000000
71305800.000000
71444328.000000
71573408.000000
71712000.000000
71837008.000000
71973224.000000
72092888.000000
72225656.000000
72340240.000000
72469400.000000
72574568.000000
72697680.000000
72796728.000000
72911168.000000
73004040.000000
73111720.000000
73200072.000000
73298640.000000
73382232.000000
73473624.000000
73552168.000000
73636608.000000
73711824.000000
73789200.000000
73862432.000000
73932976.000000
74001608.000000
74067216.000000
74135488.000000
74197208.000000
74266480.000000
74325976.000000
74396640.000000
74455448.000000
74528872.000000
74588304.000000
74666256.000000
74729896.000000
74812896.000000
74879328.000000
74968184.000000
75039624.000000
75134096.000000
75215096.000000
75316944.000000
75409232.000000
75519416.000000
75622880.000000
75742584.000000
75859304.000000
75989200.000000
76119256.000000
76258856.000000
76403192.000000
76552840.000000
76708256.000000
76866824.000000
77036056.000000
77205256.000000
77388608.000000
77568016.000000
77764792.000000
77953296.000000
78162720.000000
78360584.000000
78580360.000000
78788744.000000
79018608.000000
79232872.000000
79471360.000000
79693048.000000
79935304.000000
80164952.000000
80409944.000000
80643552.000000
80890848.000000
81128704.000000
81375640.000000
81616912.000000
81864032.000000
82105864.000000
82350216.000000
82591320.000000
82828936.000000
83066152.000000
83297624.000000
83531664.000000
83756704.000000
83986856.000000
84203240.000000
84429280.000000
84637296.000000
84857024.000000
85057792.000000
85272616.000000
85467272.000000
85677656.000000
85863776.000000
86066392.000000
86249672.000000
86446520.000000
86625960.000000
86819472.000000
86998944.000000
87189528.000000
87370808.000000
87559920.000000
87743968.000000
87935488.000000
88126224.000000
88320600.000000
88520088.000000
88721552.000000
88929432.000000
89140888.000000
89362976.000000
89584808.000000
89822928.000000
90059712.000000
90317416.000000
90571440.000000
90850608.000000
91124960.000000
91427272.000000
91722176.000000
92048152.000000
92366720.000000
92716784.000000
93063136.000000
93439008.000000
93813640.000000
94215304.000000
94618256.000000
95045264.000000
95476816.000000
95930328.000000
96390096.000000
96868296.000000
97358096.000000
97859008.000000
98373328.000000
98896608.000000
99433080.000000
99975000.000000
100534040.000000
101094424.000000
101671864.000000
102246520.000000
102840296.000000
103425688.000000
104032024.000000
104625920.000000
105239608.000000
105837328.000000
106454880.000000
107052488.000000
107667144.000000
108263208.000000
108869344.000000
109457048.000000
110052536.000000
110629520.000000
111208664.000000
111770232.000000
112329120.000000
112871032.000000
113404424.000000
113921536.000000
114424184.000000
114910256.000000
115377576.000000
115829808.000000
116258360.000000
116673472.000000
117058240.000000
117431464.000000
117769888.000000
118098504.000000
118386192.000000
118665712.000000
118903208.000000
119131488.000000
119312592.000000
119485520.000000
119611264.000000
119727040.000000
119798448.000000
119855544.000000
119870256.000000
119868928.000000
119828408.000000
119768208.000000
119673952.000000
119556816.000000
119407944.000000
119234704.000000
119035136.000000
118807800.000000
118556768.000000
118278792.000000
117980512.000000
117653120.000000
117311944.000000
116941696.000000
116563136.000000
116153112.000000
115739952.000000
115295888.000000
114852928.000000
114381528.000000
113914928.000000
113417096.000000
112928432.000000
112414024.000000
111910136.000000
111385112.000000
110871448.000000
110342912.000000
109825008.000000
109298184.000000
108781376.000000
108262024.000000
107752264.000000
107245440.000000
106747944.000000
106259232.000000
105777280.000000
105307680.000000
104846520.000000
104403824.000000
103966552.000000
103552592.000000
103144800.000000
102763784.000000
102387136.000000
102040624.000000
101697120.000000
101386792.000000
101077528.000000
100804256.000000
100529864.000000
100291088.000000
100052728.000000
99848032.000000
99645968.000000
99474400.000000
99307280.000000
99166776.000000
99033320.000000
98922480.000000
98819248.000000
98732936.000000
98657352.000000
98593536.000000
98540520.000000
98494936.000000
98459592.000000
98426800.000000
98406560.000000
98382544.000000
98371648.000000
98352872.000000
98346376.000000
98326512.000000
98320336.000000
98296648.000000
98284592.000000
98250240.000000
98227384.000000
98177576.000000
98136712.000000
98070056.000000
98008728.000000
97922576.000000
97837376.000000
97727784.000000
97614384.000000
97478696.000000
97335024.000000
97170616.000000
96994720.000000
96801520.000000
96592296.000000
96367896.000000
96124104.000000
95867040.000000
95587936.000000
95299776.000000
94988112.000000
94669680.000000
94325200.000000
93980168.000000
93606136.000000
93233440.000000
92832432.000000
92434536.000000
92005808.000000
91585088.000000
91134848.000000
90691912.000000
90224792.000000
89762752.000000
89280624.000000
88805368.000000
88312824.000000
87825504.000000
87327120.000000
86834000.000000
86334816.000000
85837960.000000
85340232.000000
84842624.000000
84347744.000000
83853224.000000
83367088.000000
82879624.000000
82403728.000000
81925976.000000
81464680.000000
80998016.000000
80553120.000000
80101040.000000
79673264.000000
79239032.000000
78831608.000000
78413384.000000
78024592.000000
77627696.000000
77256608.000000
76881176.000000
76530344.000000
76176528.000000
75844608.000000
75514624.000000
75202368.000000
74894688.000000
74601808.000000
74314880.000000
74038984.000000
73772240.000000
73512160.000000
73261904.000000
73017256.000000
72784624.000000
72552616.000000
72334544.000000
72113872.000000
71909080.000000
71698792.000000
71507488.000000
71307096.000000
71125208.000000
70930096.000000
70755632.000000
70565480.000000
70394776.000000
70208776.000000
70040992.000000
69860192.000000
69693704.000000
69516160.000000
69349592.000000
69174736.000000
69008320.000000
68835472.000000
68667808.000000
68498144.000000
68328344.000000
68159960.000000
67990432.000000
67822560.000000
67650936.000000
67486112.000000
67315200.000000
67154552.000000
66985504.000000
66830068.000000
66663332.000000
66513436.000000
66352660.000000
66208424.000000
66052316.000000
65916332.000000
65766008.000000
65636596.000000
65495340.000000
65374712.000000
65245596.000000
65134492.000000
65017872.000000
64917896.000000
64815276.000000
64727104.000000
64639992.000000
64565204.000000
64494604.000000
64432016.000000
64376804.000000
64327476.000000
64288768.000000
64253856.000000
64231200.000000
64209712.000000
64204460.000000
64194664.000000
64204252.000000
64206772.000000
64229896.000000
64244692.000000
64281248.000000
64305868.000000
64353744.000000
64387724.000000
64442508.000000
64486824.000000
64548848.000000
64600564.000000
64667352.000000
64726504.000000
64796872.000000
64860392.000000
64931700.000000
64999652.000000
65071544.000000
65141984.000000
65212904.000000
65284672.000000
65352744.000000
65423208.000000
65487952.000000
65557732.000000
65617456.000000
65685436.000000
65738960.000000
65803556.000000
65852672.000000
65913040.000000
65956128.000000
66011656.000000
66046252.000000
66094392.000000
66121832.000000
66162040.000000
66184068.000000
66217168.000000
66235116.000000
66260880.000000
66274560.000000
66293912.000000
66304528.000000
66317580.000000
66325344.000000
66333640.000000
66340520.000000
66344720.000000
66349024.000000
66349396.000000
66352976.000000
66350812.000000
66356328.000000
66353896.000000
66362740.000000
66360412.000000
66372136.000000
66372032.000000
66389364.000000
66393660.000000
66417864.000000
66427316.000000
66456432.000000
66471796.000000
66506464.000000
66530424.000000
66572380.000000
66606556.000000
66655760.000000
66701072.000000
66759376.000000
66817484.000000
66886944.000000
66958372.000000
67036348.000000
67121096.000000
67209720.000000
67305840.000000
67404544.000000
67514336.000000
67622592.000000
67744952.000000
67863040.000000
67997032.000000
68124016.000000
68269632.000000
68406552.000000
68562496.000000
68707216.000000
68870944.000000
69020872.000000
69191400.000000
69347888.000000
69522304.000000
69684584.000000
69861248.000000
70027968.000000
70205808.000000
70375960.000000
70553328.000000
70724928.000000
70901104.000000
71073288.000000
71245312.000000
71415624.000000
71581856.000000
71748928.000000
71908840.000000
72070672.000000
72222232.000000
72378216.000000
72520816.000000
72671336.000000
72804096.000000
72945680.000000
73069896.000000
73203040.000000
73315960.000000
73440624.000000
73542736.000000
73654944.000000
73748320.000000
73849752.000000
73934432.000000
74025544.000000
74101312.000000
74182496.000000
74251856.000000
74324528.000000
74388816.000000
74453648.000000
74513824.000000
74571496.000000
74629040.000000
74682360.000000
74737728.000000
74788696.000000
74844704.000000
74894768.000000
74954896.000000
75005616.000000
75070592.000000
75126080.000000
75199040.000000
75261888.000000
75345240.000000
75417184.000000
75511520.000000
75595472.000000
75701488.000000
75801520.000000
75923856.000000
76043744.000000
76184800.000000
76327552.000000
76489592.000000
76657272.000000
76843632.000000
77038616.000000
77249592.000000
77474112.000000
77711096.000000
77963216.000000
78229336.000000
78513552.000000
78807680.000000
79125192.000000
79450512.000000
79800496.000000
80155848.000000
80538056.000000
80923672.000000
81339216.000000
81755880.000000
82201816.000000
82645448.000000
83118680.000000
83588280.000000
84085784.000000
84581008.000000
85099880.000000
85618360.000000
86156232.000000
86692192.000000
87242768.000000
87794256.000000
88355536.000000
88917528.000000
89484016.000000
90051672.000000
90617536.000000
91182712.000000
91742536.000000
92302160.000000
92850720.000000
93398936.000000
93930504.000000
94462280.000000
94970440.000000
95479064.000000
95961024.000000
96440624.000000
96889568.000000
97335960.000000
97747384.000000
98153968.000000
98524152.000000
98886272.000000
99213448.000000
99527816.000000
99807456.000000
100071560.000000
100301312.000000
100513056.000000
100692384.000000
100849544.000000
100976640.000000
101078488.000000
101153072.000000
101199640.000000
101221088.000000
101212176.000000
101182176.000000
101122096.000000
101044368.000000
100933024.000000
100808440.000000
100650640.000000
100484056.000000
100284256.000000
100078704.000000
99840664.000000
99601512.000000
99330536.000000
99060760.000000
98763296.000000
98468088.000000
98150648.000000
97836008.000000
97504496.000000
97176864.000000
96837808.000000
96501472.000000
96158552.000000
95820152.000000
95480784.000000
95144352.000000
94813680.000000
94485144.000000
94165464.000000
93849944.000000
93547848.000000
93248488.000000
92967848.000000
92688504.000000
92431576.000000
92175424.000000
91945688.000000
91717384.000000
91515856.000000
91313128.000000
91139688.000000
90963992.000000
90817392.000000
90670336.000000
90550864.000000
90433504.000000
90340464.000000
90250816.000000
90181312.000000
90116600.000000
90069648.000000
90028528.000000
90001480.000000
89982224.000000
89970472.000000
89965328.000000
89965272.000000
89974280.000000
89983176.000000
90002664.000000
90017504.000000
90043944.000000
90060936.000000
90089192.000000
90103904.000000
90129904.000000
90139392.000000
90158816.000000
90158824.000000
90168760.000000
90155408.000000
90149776.000000
90121760.000000
90097128.000000
90053144.000000
90007152.000000
89942304.000000
89872392.000000
89785136.000000
89690600.000000
89579488.000000
89458008.000000
89322160.000000
89172792.000000
89010992.000000
88831920.000000
88643400.000000
88436992.000000
88221984.000000
87987496.000000
87747224.000000
87484072.000000
87219880.000000
86931288.000000
86643256.000000
86329992.000000
86020840.000000
85683816.000000
85352496.000000
84995024.000000
84643080.000000
84269880.000000
83899600.000000
83511344.000000
83125856.000000
82725792.000000
82326112.000000
81915680.000000
81504872.000000
81086720.000000
80666088.000000
80242856.000000
79815976.000000
79388656.000000
78957264.000000
78529272.000000
78094616.000000
77667536.000000
77232992.000000
76808960.000000
76376160.000000
75957960.000000
75529672.000000
75117128.000000
74693768.000000
74288712.000000
73870880.000000
73472000.000000
73063352.000000
72672080.000000
72273120.000000
71890304.000000
71502400.000000
71128816.000000
70752928.000000
70389488.000000
70025232.000000
69671872.000000
69321736.000000
68978168.000000
68640632.000000
68306408.000000
67979832.000000
67655856.000000
67342376.000000
67028004.000000
66727096.000000
66422572.000000
66132656.000000
65837356.000000
65558668.000000
65272404.000000
65003892.000000
64725496.000000
64466052.000000
64196492.000000
63945084.000000
63684824.000000
63441276.000000
63189592.000000
62952512.000000
62710192.000000
62480244.000000
62247784.000000
62025904.000000
61802652.000000
61586872.000000
61373808.000000
61164384.000000
60961052.000000
60759620.000000
60564396.000000
60369928.000000
60186560.000000
60000840.000000
59827440.000000
59649896.000000
59487652.000000
59318996.000000
59168532.000000
59011508.000000
58873428.000000
58726992.000000
58601004.000000
58464104.000000
58346808.000000
58221892.000000
58115304.000000
58002480.000000
57906276.000000
57805808.000000
57719264.000000
57630664.000000
57553044.000000
57476592.000000
57406776.000000
57340892.000000
57279168.000000
57223304.000000
57169020.000000
57122216.000000
57075172.000000
57037496.000000
56997032.000000
56967080.000000
56931440.000000
56908960.000000
56878396.000000
56862192.000000
56836104.000000
56825268.000000
56801896.000000
56795532.000000
56774608.000000
56768272.000000
56750560.000000
56746320.000000
56731144.000000
56726724.000000
56713312.000000
56707376.000000
56695552.000000
56689408.000000
56679752.000000
56672468.000000
56664288.000000
56654332.000000
56644800.000000
56631016.000000
56620696.000000
56604820.000000
56594192.000000
56575092.000000
56564076.000000
56541680.000000
56528404.000000
56504140.000000
56489336.000000
56460388.000000
56445072.000000
56412568.000000
56393248.000000
56358248.000000
56334380.000000
56297112.000000
56269832.000000
56231292.000000
56201240.000000
56163160.000000
56130032.000000
56090256.000000
56054040.000000
56014144.000000
55975108.000000
55935156.000000
55893188.000000
55852384.000000
55808868.000000
55768788.000000
55723236.000000
55684288.000000
55637608.000000
55600752.000000
55553164.000000
55517944.000000
55472276.000000
55439720.000000
55394092.000000
55362680.000000
55317744.000000
55289068.000000
55247152.000000
55218992.000000
55181520.000000
55156916.000000
55125448.000000
55103112.000000
55077320.000000
55059140.000000
55039480.000000
55026084.000000
55013956.000000
55004544.000000
54999592.000000
54995588.000000
54996076.000000
54996340.000000
55004656.000000
55010528.000000
55026260.000000
55038808.000000
55063048.000000
55080432.000000
55112924.000000
55138272.000000
55179560.000000
55211416.000000
55261768.000000
55300404.000000
55357944.000000
55405580.000000
55470740.000000
55528768.000000
55600688.000000
55666656.000000
55745704.000000
55822052.000000
55908116.000000
55993440.000000
56084192.000000
56178332.000000
56274748.000000
56376172.000000
56478816.000000
56587472.000000
56695416.000000
56812296.000000
56926400.000000
57050604.000000
57168268.000000
57299056.000000
57421880.000000
57558864.000000
57687048.000000
57829288.000000
57960544.000000
58107520.000000
58240592.000000
58388372.000000
58525216.000000
58674076.000000
58813488.000000
58963332.000000
59106152.000000
59255544.000000
59400372.000000
59549512.000000
59694600.000000
59841528.000000
59987428.000000
60130440.000000
60273356.000000
60413128.000000
60553840.000000
60688928.000000
60827388.000000
60958236.000000
61095444.000000
61221212.000000
61355444.000000
61476280.000000
61607888.000000
61724824.000000
61853176.000000
61964624.000000
62088568.000000
62196056.000000
62313192.000000
62417640.000000
62530744.000000
62632608.000000
62740648.000000
62840396.000000
62943376.000000
63040168.000000
63139968.000000
63234784.000000
63329000.000000
63422620.000000
63513408.000000
63602960.000000
63689032.000000
63776572.000000
63859280.000000
63946176.000000
64024336.000000
64109680.000000
64185192.000000
64270044.000000
64343004.000000
64425228.000000
64494944.000000
64576232.000000
64642444.000000
64721496.000000
64786848.000000
64863268.000000
64928840.000000
65004168.000000
65070500.000000
65144236.000000
65211296.000000
65285308.000000
65355944.000000
65431820.000000
65506856.000000
65583732.000000
65661856.000000
65741068.000000
65822976.000000
65904428.000000
65994120.000000
66080800.000000
66177796.000000
66271096.000000
66377148.000000
66477928.000000
66594340.000000
66704832.000000
66831744.000000
66952404.000000
67091172.000000
67221648.000000
67370904.000000
67514912.000000
67675320.000000
67833360.000000
68007304.000000
68180808.000000
68370008.000000
68560128.000000
68762952.000000
68969504.000000
69187664.000000
69411856.000000
69644592.000000
69886088.000000
70133960.000000
70391664.000000
70653712.000000
70927992.000000
71204448.000000
71494480.000000
71784000.000000
72088976.000000
72390800.000000
72710880.000000
73026048.000000
73357376.000000
73682000.000000
74025960.000000
74359560.000000
74709824.000000
75053496.000000
75410872.000000
75762040.000000
76125160.000000
76482216.000000
76846896.000000
77207632.000000
77574096.000000
77936904.000000
78303232.000000
78669072.000000
79032416.000000
79394656.000000
79752632.000000
80110480.000000
80461632.000000
80815216.000000
81158432.000000
81504984.000000
81837648.000000
82175000.000000
82495696.000000
82821808.000000
83130688.000000
83443872.000000
83736960.000000
84035696.000000
84312568.000000
84592336.000000
84853032.000000
85114960.000000
85358400.000000
85600264.000000
85825152.000000
86047296.000000
86254600.000000
86456160.000000
86644784.000000
86824600.000000
86994160.000000
87151632.000000
87298800.000000
87433856.000000
87560704.000000
87673016.000000
87779648.000000
87869128.000000
87955704.000000
88023520.000000
88089392.000000
88134304.000000
88180336.000000
88205424.000000
88231624.000000
88234304.000000
88239000.000000
88221152.000000
88204552.000000
88166848.000000
88129728.000000
88074128.000000
88016600.000000
87942128.000000
87864720.000000
87772008.000000
87673872.000000
87563600.000000
87445808.000000
87318808.000000
87181632.000000
87035280.000000
86877120.000000
86713272.000000
86534584.000000
86351432.000000
86151616.000000
85951376.000000
85731240.000000
85511576.000000
85270760.000000
85031072.000000
84771408.000000
84513160.000000
84230344.000000
83950624.000000
83648952.000000
83347992.000000
83027184.000000
82705288.000000
82364312.000000
82021832.000000
81662568.000000
81298464.000000
80920320.000000
80536688.000000
80142384.000000
79738552.000000
79325872.000000
78902776.000000
78472680.000000
78031200.000000
77585192.000000
77126864.000000
76667944.000000
76193552.000000
75722240.000000
75234608.000000
74752240.000000
74254528.000000
73762016.000000
73253072.000000
72753240.000000
72236456.000000
71728976.000000
71208032.000000
70695632.000000
70171512.000000
69656688.000000
69134392.000000
68618416.000000
68099528.000000
67585496.000000
67071712.000000
66563044.000000
66056388.000000
65554624.000000
65056484.000000
64562580.000000
64074904.000000
63589296.000000
63114352.000000
62640160.000000
62179540.000000
61718144.000000
61273512.000000
60826368.000000
60397724.000000
59967044.000000
59556292.000000
59140492.000000
58746292.000000
58348176.000000
57969928.000000
57590140.000000
57229988.000000
56869448.000000
56526152.000000
56184684.000000
55857192.000000
55534768.000000
55225296.000000
54921564.000000
54629340.000000
54346152.000000
54069232.000000
53801112.000000
53539644.000000
53289080.000000
53042264.000000
52808000.000000
52575712.000000
52356832.000000
52137960.000000
51934524.000000
51727952.000000
51538424.000000
51344184.000000
51166540.000000
50982348.000000
50815356.000000
50640888.000000
50483176.000000
50319304.000000
50168644.000000
50013780.000000
49870484.000000
49724224.000000
49587616.000000
49449352.000000
49318228.000000
49187088.000000
49060368.000000
48936476.000000
48813756.000000
48694316.000000
48574084.000000
48460160.000000
48343804.000000
48235240.000000
48121752.000000
48017684.000000
47907064.000000
47808416.000000
47700864.000000
47606672.000000
47505928.000000
47418264.000000
47320332.000000
47236848.000000
47144424.000000
47065360.000000
46980032.000000
46906164.000000
46827324.000000
46759044.000000
46687656.000000
46624460.000000
46561208.000000
46503708.000000
46447440.000000
46395804.000000
46348064.000000
46301056.000000
46258272.000000
46215544.000000
46180212.000000
46142448.000000
46112888.000000
46080024.000000
46057408.000000
46028384.000000
46011124.000000
45987260.000000
45975364.000000
45952984.000000
45943232.000000
45921688.000000
45911804.000000
45892492.000000
45883896.000000
45865500.000000
45856928.000000
45839152.000000
45827620.000000
45808508.000000
45793528.000000
45773584.000000
45755152.000000
45733736.000000
45711472.000000
45687168.000000
45658060.000000
45627520.000000
45591932.000000
45557508.000000
45514816.000000
45475392.000000
45425112.000000
45380236.000000
45321992.000000
45270136.000000
45205240.000000
45147844.000000
45074888.000000
45009892.000000
44930240.000000
44857280.000000
44771008.000000
44691792.000000
44600724.000000
44515664.000000
44421608.000000
44331100.000000
44233520.000000
44139592.000000
44041412.000000
43944008.000000
43846580.000000
43746512.000000
43646744.000000
43546648.000000
43448076.000000
43348200.000000
43252228.000000
43153260.000000
43061996.000000
42964848.000000
42879240.000000
42785760.000000
42706540.000000
42620588.000000
42548620.000000
42468984.000000
42404116.000000
42331016.000000
42273424.000000
42210312.000000
42161104.000000
42108448.000000
42068212.000000
42026088.000000
41995800.000000
41965936.000000
41945776.000000
41929372.000000
41919872.000000
41916028.000000
41916964.000000
41924304.000000
41934892.000000
41954400.000000
41976624.000000
42009208.000000
42042084.000000
42088016.000000
42131444.000000
42189400.000000
42244200.000000
42314624.000000
42381032.000000
42462712.000000
42538164.000000
42629744.000000
42713744.000000
42812748.000000
42906304.000000
43012476.000000
43114596.000000
43227628.000000
43337496.000000
43455328.000000
43572064.000000
43694628.000000
43817156.000000
43942976.000000
44070080.000000
44196544.000000
44324248.000000
44451864.000000
44581736.000000
44708992.000000
44841240.000000
44965684.000000
45098856.000000
45222104.000000
45354228.000000
45475152.000000
45605408.000000
45725352.000000
45853928.000000
45969200.000000
46094340.000000
46206096.000000
46326412.000000
46436184.000000
46553160.000000
46660596.000000
46772804.000000
46878612.000000
46987056.000000
47091932.000000
47197860.000000
47301248.000000
47404504.000000
47507504.000000
47607752.000000
47708444.000000
47807696.000000
47909348.000000
48006392.000000
48108944.000000
48205452.000000
48309160.000000
48405200.000000
48510900.000000
48608728.000000
48717728.000000
48815920.000000
48925416.000000
49024792.000000
49135768.000000
49237760.000000
49351512.000000
49458144.000000
49574960.000000
49685352.000000
49803936.000000
49918540.000000
50038580.000000
50157632.000000
50280836.000000
50404636.000000
50530684.000000
50658528.000000
50785064.000000
50913952.000000
51040808.000000
51172576.000000
51298848.000000
51431208.000000
51557656.000000
51690816.000000
51815024.000000
51948552.000000
52072584.000000
52204208.000000
52323416.000000
52451432.000000
52566160.000000
52688432.000000
52798288.000000
52913492.000000
53017712.000000
53124984.000000
53222376.000000
53320908.000000
53410384.000000
53498608.000000
53580000.000000
53658492.000000
53731708.000000
53797484.000000
53858088.000000
53912576.000000
53963840.000000
54006636.000000
54048176.000000
54080080.000000
54112552.000000
54132832.000000
54155648.000000
54165792.000000
54180544.000000
54182500.000000
54189316.000000
54181220.000000
54181788.000000
54167832.000000
54161412.000000
54144324.000000
54134020.000000
54115444.000000
54104032.000000
54087472.000000
54078064.000000
54066656.000000
54061608.000000
54058140.000000
54061104.000000
54070204.000000
54084872.000000
54108256.000000
54138440.000000
54180888.000000
54229768.000000
54295656.000000
54367416.000000
54460072.000000
54559816.000000
54682584.000000
54813160.000000
54970152.000000
55137432.000000
55332408.000000
55535276.000000
55768552.000000
56012936.000000
56287236.000000
56575436.000000
56894416.000000
57228524.000000
57591924.000000
57972612.000000
58380428.000000
58808088.000000
59261616.000000
59734888.000000
60232148.000000
60751532.000000
61289776.000000
61849124.000000
62426588.000000
63025416.000000
63637448.000000
64271540.000000
64914552.000000
65578168.000000
66247352.000000
66936704.000000
67625448.000000
68332784.000000
69035528.000000
69751768.000000
70460672.000000
71178392.000000
71885632.000000
72597312.000000
73295992.000000
73993552.000000
74674416.000000
75350304.000000
76006984.000000
76652032.000000
77275872.000000
77881816.000000
78464112.000000
79022424.000000
79555968.000000
80060112.000000
80535072.000000
80976640.000000
81387568.000000
81760584.000000
82101984.000000
82399600.000000
82666528.000000
82885816.000000
83073568.000000
83211448.000000
83316136.000000
83369816.000000
83389704.000000
83354896.000000
83287088.000000
83167328.000000
83013104.000000
82808000.000000
82568904.000000
82281712.000000
81959576.000000
81593208.000000
81191480.000000
80749408.000000
80274360.000000
79764128.000000
79219528.000000
78643544.000000
78036960.000000
77403744.000000
76742816.000000
76059224.000000
75349848.000000
74625928.000000
73877752.000000
73120504.000000
72341096.000000
71558728.000000
70757704.000000
69957696.000000
69140880.000000
68331192.000000
67509256.000000
66697932.000000
65879784.000000
65074592.000000
64267400.000000
63475224.000000
62685976.000000
61913104.000000
61149572.000000
60403156.000000
59670136.000000
58955548.000000
58259120.000000
57579044.000000
56919728.000000
56279024.000000
55662744.000000
55064680.000000
54493008.000000
53938476.000000
53413280.000000
52904040.000000
52425712.000000
51962472.000000
51530856.000000
51114224.000000
50728932.000000
50355776.000000
50013764.000000
49683016.000000
49381496.000000
49090668.000000
48827416.000000
48575652.000000
48348200.000000
48132480.000000
47937112.000000
47753260.000000
47587552.000000
47432268.000000
47289944.000000
47159616.000000
47037968.000000
46925592.000000
46820692.000000
46724884.000000
46632100.000000
46549328.000000
46465228.000000
46390084.000000
46311224.000000
46241972.000000
46165332.000000
46098732.000000
46023852.000000
45955624.000000
45875408.000000
45802756.000000
45717860.000000
45637972.000000
45548156.000000
45461624.000000
45364636.000000
45268184.000000
45162660.000000
45055724.000000
44941356.000000
44824996.000000
44701480.000000
44573056.000000
44440828.000000
44302808.000000
44160060.000000
44010528.000000
43860012.000000
43701228.000000
43542812.000000
43375668.000000
43211132.000000
43035940.000000
42865992.000000
42685348.000000
42510024.000000
42323856.000000
42145564.000000
41955016.000000
41773928.000000
41582936.000000
41400068.000000
41209432.000000
41025196.000000
40835896.000000
40652000.000000
40466756.000000
40285568.000000
40104832.000000
39927520.000000
39751932.000000
39577872.000000
39407360.000000
39237056.000000
39071304.000000
38905496.000000
38745664.000000
38584260.000000
38430160.000000
38273548.000000
38125632.000000
37973148.000000
37831456.000000
37684896.000000
37549276.000000
37407076.000000
37276436.000000
37137516.000000
37008544.000000
36872360.000000
36745384.000000
36613272.000000
36488640.000000
36359548.000000
36235260.000000
36108156.000000
35984400.000000
35858092.000000
35733616.000000
35608484.000000
35481664.000000
35356504.000000
35228456.000000
35101028.000000
34969424.000000
34840144.000000
34704996.000000
34574884.000000
34436088.000000
34303320.000000
34161808.000000
34027844.000000
33884336.000000
33747416.000000
33600860.000000
33462640.000000
33314360.000000
33173840.000000
33026244.000000
32885178.000000
32738756.000000
32598056.000000
32453624.000000
32313788.000000
32173264.000000
32037962.000000
31902744.000000
31771504.000000
31643204.000000
31517528.000000
31394934.000000
31275522.000000
31162244.000000
31050736.000000
30948206.000000
30845536.000000
30753612.000000
30661412.000000
30582542.000000
30501864.000000
30435360.000000
30368660.000000
30315686.000000
30260444.000000
30221218.000000
30179456.000000
30151670.000000
30123716.000000
30108200.000000
30093280.000000
30090182.000000
30089160.000000
30099036.000000
30112064.000000
30134188.000000
30161424.000000
30194830.000000
30234626.000000
30278540.000000
30328844.000000
30382460.000000
30443536.000000
30506810.000000
30578840.000000
30650346.000000
30731732.000000
30810164.000000
30900076.000000
30986422.000000
31082736.000000
31175588.000000
31278092.000000
31375376.000000
31484106.000000
31585844.000000
31696558.000000
31801076.000000
31913876.000000
32021772.000000
32135298.000000
32243632.000000
32355948.000000
32464962.000000
32575548.000000
32683964.000000
32791656.000000
32899264.000000
33002828.000000
33106250.000000
33206112.000000
33307504.000000
33402400.000000
33499962.000000
33589856.000000
33683404.000000
33767852.000000
33856320.000000
33935784.000000
34018520.000000
34090356.000000
34167424.000000
34231912.000000
34301076.000000
34359720.000000
34421176.000000
34473896.000000
34529480.000000
34576076.000000
34623944.000000
34665960.000000
34709196.000000
34746984.000000
34783600.000000
34818124.000000
34850484.000000
34882280.000000
34909944.000000
34937104.000000
34961976.000000
34988488.000000
35009616.000000
35035496.000000
35055440.000000
35081684.000000
35101312.000000
35128372.000000
35148804.000000
35177816.000000
35199856.000000
35230984.000000
35255644.000000
35290168.000000
35319604.000000
35357608.000000
35391372.000000
35432876.000000
35472880.000000
35519984.000000
35567008.000000
35621060.000000
35676224.000000
35736736.000000
35799800.000000
35866116.000000
35937704.000000
36010600.000000
36089592.000000
36169600.000000
36256888.000000
36343660.000000
36438788.000000
36532112.000000
36634744.000000
36734644.000000
36845840.000000
36953100.000000
37070476.000000
37182316.000000
37304984.000000
37420748.000000
37547116.000000
37668844.000000
37799216.000000
37925692.000000
38059688.000000
38189336.000000
38324164.000000
38457188.000000
38593808.000000
38729008.000000
38864744.000000
39000772.000000
39134980.000000
39270036.000000
39401820.000000
39535560.000000
39664756.000000
39796748.000000
39922872.000000
40052664.000000
40174644.000000
40301380.000000
40420040.000000
40542972.000000
40657088.000000
40776780.000000
40886664.000000
41003348.000000
41110072.000000
41222800.000000
41327312.000000
41437416.000000
41539956.000000
41647448.000000
41750304.000000
41855796.000000
41960092.000000
42067388.000000
42174364.000000
42282704.000000
42393352.000000
42504052.000000
42618400.000000
42734816.000000
42857008.000000
42981000.000000
43113980.000000
43247864.000000
43392096.000000
43536872.000000
43694976.000000
43855168.000000
44028272.000000
44202816.000000
44393096.000000
44584148.000000
44792632.000000
45002308.000000
45228088.000000
45457000.000000
45701756.000000
45951616.000000
46216308.000000
46487668.000000
46771620.000000
47063784.000000
47365888.000000
47677468.000000
47997840.000000
48329016.000000
48667096.000000
49014668.000000
49367672.000000
49730872.000000
50096916.000000
50473028.000000
50849728.000000
51236376.000000
51621032.000000
52014996.000000
52405500.000000
52804564.000000
53196892.000000
53596192.000000
53985896.000000
54381968.000000
54767732.000000
55156624.000000
55534684.000000
55912252.000000
56278976.000000
56642156.000000
56993972.000000
57339080.000000
57672352.000000
57995456.000000
58306624.000000
58604368.000000
58888984.000000
59157804.000000
59412192.000000
59647688.000000
59870304.000000
60071268.000000
60258516.000000
60423080.000000
60574264.000000
60699164.000000
60811052.000000
60896212.000000
60966496.000000
61009676.000000
61039256.000000
61039640.000000
61026112.000000
60984924.000000
60928208.000000
60845212.000000
60745392.000000
60621124.000000
60479984.000000
60314752.000000
60132504.000000
59929004.000000
59708208.000000
59467916.000000
59209204.000000
58934208.000000
58640440.000000
58332488.000000
58006552.000000
57669744.000000
57314196.000000
56951680.000000
56570592.000000
56183816.000000
55781568.000000
55375104.000000
54952740.000000
54529400.000000
54090528.000000
53653344.000000
53202952.000000
52753256.000000
52295208.000000
51839044.000000
51376660.000000
50916360.000000
50451632.000000
49990160.000000
49527540.000000
49068600.000000
48610100.000000
48154544.000000
47703264.000000
47254560.000000
46812068.000000
46372896.000000
45941352.000000
45513996.000000
45095968.000000
44680824.000000
44277936.000000
43877920.000000
43491304.000000
43107268.000000
42739788.000000
42375108.000000
42026516.000000
41679288.000000
41348480.000000
41020416.000000
40708008.000000
40399844.000000
40106776.000000
39818812.000000
39543304.000000
39273588.000000
39016424.000000
38765788.000000
38525896.000000
38294308.000000
38070448.000000
37856500.000000
37647756.000000
37446544.000000
37251004.000000
37064760.000000
36881416.000000
36708380.000000
36536872.000000
36375528.000000
36213572.000000
36062864.000000
35910892.000000
35768516.000000
35623400.000000
35488636.000000
35349456.000000
35220308.000000
35087336.000000
34962884.000000
34834700.000000
34712112.000000
34587868.000000
34467936.000000
34346320.000000
34228328.000000
34109824.000000
33992072.000000
33874680.000000
33757032.000000
33640248.000000
33522812.000000
33406312.000000
33287392.000000
33171488.000000
33052838.000000
32937704.000000
32816976.000000
32701268.000000
32579874.000000
32464816.000000
32343316.000000
32227632.000000
32104712.000000
31988872.000000
31864708.000000
31747460.000000
31623280.000000
31504176.000000
31381168.000000
31261752.000000
31139398.000000
31019924.000000
30898312.000000
30778440.000000
30658860.000000
30539956.000000
30421100.000000
30302078.000000
30185624.000000
30066916.000000
29950686.000000
29833846.000000
29719964.000000
29603070.000000
29491640.000000
29375492.000000
29265642.000000
29150522.000000
29041608.000000
28928220.000000
28821012.000000
28707086.000000
28600220.000000
28487072.000000
28378946.000000
28266006.000000
28159382.000000
28048408.000000
27940616.000000
27829796.000000
27721384.000000
27611270.000000
27502636.000000
27392992.000000
27283888.000000
27175224.000000
27064028.000000
26953256.000000
26839816.000000
26727728.000000
26612912.000000
26501344.000000
26384684.000000
26271156.000000
26152240.000000
26038292.000000
25916906.000000
25801372.000000
25679664.000000
25563064.000000
25438936.000000
25320718.000000
25194354.000000
25072572.000000
24944958.000000
24820592.000000
24692238.000000
24565608.000000
24436166.000000
24308210.000000
24178728.000000
24050442.000000
23921912.000000
23793164.000000
23665536.000000
23536432.000000
23408140.000000
23278760.000000
23151988.000000
23023516.000000
22899614.000000
22772288.000000
22651204.000000
22526912.000000
22409752.000000
22289516.000000
22176332.000000
22059876.000000
21952154.000000
21841252.000000
21740016.000000
21635812.000000
21540914.000000
21445316.000000
21358512.000000
21273384.000000
21195852.000000
21121320.000000
21054190.000000
20992088.000000
20936458.000000
20886804.000000
20842832.000000
20806576.000000
20774420.000000
20750816.000000
20732468.000000
20722736.000000
20717150.000000
20721604.000000
20729284.000000
20748804.000000
20770084.000000
20802944.000000
20837280.000000
20883076.000000
20929612.000000
20988440.000000
21045554.000000
21114364.000000
21183280.000000
21261048.000000
21339662.000000
21426672.000000
21513662.000000
21608500.000000
21703828.000000
21804584.000000
21906014.000000
22010208.000000
22116416.000000
22223820.000000
22333212.000000
22440850.000000
22549872.000000
22657088.000000
22765492.000000
22870924.000000
22978070.000000
23079632.000000
23184064.000000
23281048.000000
23380548.000000
23472684.000000
23566196.000000
23650828.000000
23738702.000000
23815878.000000
23894068.000000
23963384.000000
24033552.000000
24095624.000000
24158320.000000
24213350.000000
24267494.000000
24316314.000000
24363500.000000
24406300.000000
24446476.000000
24483006.000000
24515120.000000
24545084.000000
24571160.000000
24595764.000000
24617458.000000
24639692.000000
24656896.000000
24676636.000000
24691390.000000
24710272.000000
24724712.000000
24744796.000000
24760288.000000
24781248.000000
24798044.000000
24821084.000000
24841360.000000
24868838.000000
24893832.000000
24926166.000000
24958392.000000
24996586.000000
25036048.000000
25082088.000000
25130376.000000
25184594.000000
25243748.000000
25307940.000000
25378278.000000
25452156.000000
25531880.000000
25614888.000000
25704094.000000
25796628.000000
25896950.000000
25998912.000000
26109304.000000
26220148.000000
26340284.000000
26460456.000000
26589144.000000
26716242.000000
26851802.000000
26985984.000000
27128000.000000
27267122.000000
27414372.000000
27559560.000000
27709344.000000
27857272.000000
28009472.000000
28159340.000000
28310970.000000
28460820.000000
28611132.000000
28758994.000000
28906000.000000
29050468.000000
29191784.000000
29331122.000000
29465848.000000
29599066.000000
29726828.000000
29853228.000000
29970908.000000
30089172.000000
30197488.000000
30306026.000000
30404814.000000
30503624.000000
30592884.000000
30683582.000000
30762466.000000
30843166.000000
30913838.000000
30985408.000000
31049532.000000
31114340.000000
31173072.000000
31232192.000000
31286768.000000
31341354.000000
31394584.000000
31448452.000000
31502086.000000
31555554.000000
31612916.000000
31669346.000000
31728756.000000
31790456.000000
31856284.000000
31924386.000000
31999708.000000
32076716.000000
32163334.000000
32252774.000000
32354122.000000
32458126.000000
32574024.000000
32693608.000000
32827144.000000
32963622.000000
33114280.000000
33269948.000000
33439252.000000
33614664.000000
33803396.000000
33999500.000000
34207288.000000
34422864.000000
34650112.000000
34885928.000000
35131708.000000
35386936.000000
35649752.000000
35922996.000000
36202276.000000
36489008.000000
36780192.000000
37080288.000000
37383068.000000
37694588.000000
38007108.000000
38326864.000000
38644868.000000
38969276.000000
39290720.000000
39617168.000000
39938360.000000
40262840.000000
40580060.000000
40897688.000000
41207084.000000
41514424.000000
41812360.000000
42106652.000000
42391184.000000
42668776.000000
42935500.000000
43193480.000000
43438672.000000
43673268.000000
43895448.000000
44102736.000000
44296008.000000
44474408.000000
44638064.000000
44783520.000000
44915176.000000
45026304.000000
45122732.000000
45198464.000000
45259476.000000
45296372.000000
45319440.000000
45319500.000000
45304464.000000
45265548.000000
45212208.000000
45133264.000000
45039684.000000
44923304.000000
44792688.000000
44640056.000000
44471536.000000
44284520.000000
44081864.000000
43861084.000000
43625448.000000
43373116.000000
43106528.000000
42826336.000000
42531716.000000
42224360.000000
41903708.000000
41572004.000000
41227420.000000
40875756.000000
40512296.000000
40143644.000000
39764496.000000
39383388.000000
38993896.000000
38602748.000000
38204304.000000
37807096.000000
37402716.000000
37001796.000000
36596864.000000
36195576.000000
35792964.000000
35395404.000000
34997436.000000
34605624.000000
34215448.000000
33831376.000000
33452180.000000
33080288.000000
32714244.000000
32355072.000000
32004312.000000
31659456.000000
31323258.000000
30993600.000000
30674602.000000
30362124.000000
30060176.000000
29764800.000000
29481568.000000
29203792.000000
28939196.000000
28680446.000000
28433980.000000
28192104.000000
27962832.000000
27737872.000000
27525852.000000
27318098.000000
27121478.000000
26928792.000000
26747030.000000
26569944.000000
26401420.000000
26238304.000000
26083230.000000
25932650.000000
25788144.000000
25649092.000000
25513494.000000
25383632.000000
25255944.000000
25133362.000000
25012068.000000
24895542.000000
24777796.000000
24665232.000000
24552234.000000
24443150.000000
24332176.000000
24225840.000000
24117076.000000
24012328.000000
23902786.000000
23797008.000000
23686692.000000
23579478.000000
23467736.000000
23359222.000000
23246212.000000
23134392.000000
23019462.000000
22905516.000000
22788644.000000
22671796.000000
22553620.000000
22434956.000000
22316846.000000
22196118.000000
22074360.000000
21951424.000000
21829110.000000
21704572.000000
21581724.000000
21455944.000000
21332158.000000
21206018.000000
21085154.000000
20959888.000000
20839264.000000
20716816.000000
20597612.000000
20475714.000000
20359356.000000
20240420.000000
20125692.000000
20009608.000000
19897420.000000
19784924.000000
19676486.000000
19568428.000000
19464280.000000
19360716.000000
19259496.000000
19160326.000000
19064250.000000
18970552.000000
18877808.000000
18787116.000000
18698300.000000
18612712.000000
18527508.000000
18445372.000000
18363030.000000
18285492.000000
18205316.000000
18130402.000000
18053264.000000
17981112.000000
17906596.000000
17836768.000000
17762862.000000
17693872.000000
17620874.000000
17550872.000000
17478772.000000
17409384.000000
17336808.000000
17266034.000000
17195144.000000
17124410.000000
17052426.000000
16980708.000000
16907460.000000
16833104.000000
16758771.000000
16682147.000000
16604829.000000
16525177.000000
16445652.000000
16362306.000000
16280369.000000
16193210.000000
16107385.000000
16016809.000000
15928049.000000
15835015.000000
15742055.000000
15644651.000000
15548471.000000
15445623.000000
15344831.000000
15238829.000000
15133992.000000
15024769.000000
14916358.000000
14805106.000000
14693588.000000
14579775.000000
14465819.000000
14349681.000000
14234017.000000
14118076.000000
14001716.000000
13887070.000000
13771716.000000
13657638.000000
13543678.000000
13433328.000000
13321553.000000
13215289.000000
13109102.000000
13009554.000000
12909026.000000
12816453.000000
12724750.000000
12640049.000000
12557183.000000
12482137.000000
12408653.000000
12343942.000000
12281973.000000
12229342.000000
12180673.000000
12140132.000000
12103959.000000
12076559.000000
12055600.000000
12041257.000000
12033780.000000
12033798.000000
12042054.000000
12055741.000000
12076494.000000
12103286.000000
12137816.000000
12177901.000000
12225776.000000
12278668.000000
12339265.000000
12403293.000000
12476019.000000
12550370.000000
12633316.000000
12718684.000000
12811462.000000
12904292.000000
13004296.000000
13103269.000000
13207347.000000
13311461.000000
13419388.000000
13527179.000000
13637645.000000
13748652.000000
13860810.000000
13972477.000000
14084743.000000
14195432.000000
14305286.000000
14414527.000000
14520858.000000
14625816.000000
14728080.000000
14828618.000000
14926438.000000
15022506.000000
15114212.000000
15205271.000000
15289795.000000
15374276.000000
15452561.000000
15531320.000000
15604145.000000
15676920.000000
15742122.000000
15808048.000000
15867167.000000
15925091.000000
15977120.000000
16028393.000000
16074572.000000
16119017.000000
16159675.000000
16198315.000000
16234186.000000
16268895.000000
16301243.000000
16332038.000000
16362995.000000
16390696.000000
16418124.000000
16444337.000000
16470644.000000
16496396.000000
16523509.000000
16549259.000000
16577393.000000
16604759.000000
16634981.000000
16663283.000000
16697567.000000
16730888.000000
16769338.000000
16806540.000000
16849726.000000
16891402.000000
16940008.000000
16988496.000000
17042304.000000
17098360.000000
17159452.000000
17222326.000000
17290410.000000
17361716.000000
17437662.000000
17516868.000000
17600336.000000
17689408.000000
17780448.000000
17875996.000000
17974272.000000
18077702.000000
18182932.000000
18292906.000000
18404664.000000
18520592.000000
18636320.000000
18757354.000000
18877026.000000
19001652.000000
19125428.000000
19252116.000000
19375200.000000
19502060.000000
19625790.000000
19751124.000000
19873392.000000
19997180.000000
20118402.000000
20238650.000000
20356620.000000
20472440.000000
20585938.000000
20696456.000000
20805300.000000
20908600.000000
21009166.000000
21105180.000000
21197292.000000
21284058.000000
21366938.000000
21444008.000000
21518686.000000
21585652.000000
21650204.000000
21706832.000000
21760824.000000
21807390.000000
21850292.000000
21886132.000000
21918718.000000
21943378.000000
21965426.000000
21980212.000000
21992000.000000
21997412.000000
22000360.000000
21997932.000000
21991952.000000
21982816.000000
21970384.000000
21954940.000000
21937360.000000
21917078.000000
21893122.000000
21867752.000000
21840412.000000
21812552.000000
21782616.000000
21752152.000000
21720196.000000
21691212.000000
21659880.000000
21630836.000000
21600550.000000
21574736.000000
21548392.000000
21525316.000000
21501476.000000
21483260.000000
21463818.000000
21450146.000000
21437348.000000
21430552.000000
21426068.000000
21426264.000000
21430298.000000
21439848.000000
21454232.000000
21475068.000000
21501060.000000
21532576.000000
21571480.000000
21614828.000000
21664916.000000
21720404.000000
21782872.000000
21851068.000000
21926682.000000
22006548.000000
22094816.000000
22186968.000000
22288080.000000
22392620.000000
22506292.000000
22623926.000000
22748986.000000
22877212.000000
23013028.000000
23151118.000000
23295976.000000
23444140.000000
23597686.000000
23754340.000000
23914684.000000
24077592.000000
24242924.000000
24410780.000000
24579828.000000
24750092.000000
24919898.000000
25091388.000000
25261208.000000
25428984.000000
25593982.000000
25757580.000000
25917038.000000
26073974.000000
26224674.000000
26371860.000000
26510852.000000
26646812.000000
26772524.000000
26893740.000000
27004592.000000
27108750.000000
27200776.000000
27285500.000000
27357992.000000
27422824.000000
27475440.000000
27518068.000000
27548060.000000
27567044.000000
27573540.000000
27567398.000000
27550158.000000
27520336.000000
27478460.000000
27423194.000000
27355774.000000
27274920.000000
27181026.000000
27074000.000000
26955936.000000
26825228.000000
26684704.000000
26530666.000000
26367472.000000
26191522.000000
26008006.000000
25812784.000000
25609432.000000
25396276.000000
25176696.000000
24946838.000000
24710192.000000
24466100.000000
24217498.000000
23962384.000000
23704118.000000
23441140.000000
23175528.000000
22906324.000000
22634252.000000
22360510.000000
22085754.000000
21810998.000000
21535150.000000
21260506.000000
20985816.000000
20713702.000000
20442572.000000
20174928.000000
19909216.000000
19649288.000000
19390996.000000
19140068.000000
18892460.000000
18652410.000000
18416964.000000
18188280.000000
17963800.000000
17747530.000000
17535212.000000
17331156.000000
17132472.000000
16941368.000000
16756290.000000
16578757.000000
16407658.000000
16243282.000000
16086362.000000
15935911.000000
15791947.000000
15653154.000000
15522270.000000
15396587.000000
15276606.000000
15161797.000000
15051852.000000
14946697.000000
14847270.000000
14751771.000000
14660858.000000
14573584.000000
14491200.000000
14410787.000000
14335462.000000
14260328.000000
14188742.000000
14117028.000000
14048717.000000
13979558.000000
13912434.000000
13844876.000000
13778660.000000
13712165.000000
13645939.000000
13578645.000000
13511440.000000
13443402.000000
13373753.000000
13303784.000000
13231232.000000
13158402.000000
13081917.000000
13003248.000000
12921485.000000
12838151.000000
12751604.000000
12663724.000000
12572654.000000
12479608.000000
12383158.000000
12286867.000000
12185879.000000
12085098.000000
11980497.000000
11874915.000000
11765206.000000
11655444.000000
11541802.000000
11427590.000000
11311009.000000
11193541.000000
11075016.000000
10954450.000000
10832865.000000
10710331.000000
10588166.000000
10465208.000000
10343107.000000
10220177.000000
10097971.000000
9974060.000000
9851110.000000
9728558.000000
9607069.000000
9486479.000000
9367781.000000
9248520.000000
9132974.000000
9017082.000000
8905032.000000
8792494.000000
8683857.000000
8574683.000000
8469104.000000
8363606.000000
8261599.000000
8160068.000000
8062612.000000
7966133.000000
7872090.000000
7780924.000000
7691053.000000
7604338.000000
7519415.000000
7437259.000000
7357141.000000
7279436.000000
7202285.000000
7128267.000000
7054507.000000
6982457.000000
6911546.000000
6842511.000000
6774246.000000
6708508.000000
6642114.000000
6579572.000000
6515926.000000
6454248.000000
6392344.000000
6331829.000000
6269961.000000
6208692.000000
6146721.000000
6084590.000000
6021845.000000
5959108.000000
5896599.000000
5833820.000000
5770718.000000
5706160.000000
5641909.000000
5577221.000000
5512863.000000
5447511.000000
5382562.000000
5316431.000000
5249371.000000
5182507.000000
5115256.000000
5047804.000000
4982158.000000
4915851.000000
4851055.000000
4784511.000000
4721868.000000
4658116.000000
4598588.000000
4539550.000000
4483525.000000
4428374.000000
4375691.000000
4324565.000000
4276658.000000
4230148.000000
4187592.000000
4149995.000000
4115067.000000
4085428.000000
4058802.000000
4036774.000000
4019615.000000
4007817.000000
4000454.000000
3998821.000000
4000343.000000
4007710.000000
4018663.000000
4034789.000000
4054515.000000
4080076.000000
4109854.000000
4144661.000000
4182839.000000
4227093.000000
4273777.000000
4327077.000000
4384116.000000
4443743.000000
4507189.000000
4574157.000000
4643418.000000
4715812.000000
4791266.000000
4868871.000000
4949506.000000
5031094.000000
5114713.000000
5198859.000000
5284775.000000
5371024.000000
5458563.000000
5545791.000000
5633915.000000
5719715.000000
5804720.000000
5889295.000000
5972719.000000
6054165.000000
6134499.000000
6211695.000000
6288472.000000
6361223.000000
6432405.000000
6499376.000000
6565543.000000
6628316.000000
6688349.000000
6744688.000000
6797626.000000
6847222.000000
6892775.000000
6934956.000000
6972873.000000
7008954.000000
7039900.000000
7068629.000000
7093992.000000
7116754.000000
7135650.000000
7151535.000000
7164182.000000
7174959.000000
7181849.000000
7186698.000000
7188705.000000
7189504.000000
7186772.000000
7182952.000000
7176020.000000
7169246.000000
7158986.000000
7149192.000000
7138550.000000
7127001.000000
7114983.000000
7102668.000000
7090987.000000
7079329.000000
7068167.000000
7058331.000000
7050039.000000
7041889.000000
7037282.000000
7033190.000000
7031732.000000
7032613.000000
7036554.000000
7042978.000000
7052901.000000
7065012.000000
7081835.000000
7100779.000000
7123641.000000
7148906.000000
7179246.000000
7213483.000000
7252512.000000
7294805.000000
7341532.000000
7392194.000000
7447631.000000
7507472.000000
7571582.000000
7639449.000000
7711348.000000
7786834.000000
7866502.000000
7948854.000000
8034608.000000
8123423.000000
8213382.000000
8307530.000000
8402865.000000
8501390.000000
8601411.000000
8704852.000000
8808293.000000
8915169.000000
9020988.000000
9128472.000000
9235743.000000
9343518.000000
9450369.000000
9558487.000000
9665018.000000
9770949.000000
9875174.000000
9978395.000000
10078405.000000
10177528.000000
10273086.000000
10365960.000000
10456434.000000
10542555.000000
10625396.000000
10702893.000000
10776777.000000
10846692.000000
10912092.000000
10972777.000000
11030004.000000
11081479.000000
11129554.000000
11172585.000000
11211084.000000
11243629.000000
11272174.000000
11294356.000000
11312796.000000
11325006.000000
11332856.000000
11336162.000000
11334128.000000
11327828.000000
11318812.000000
11303990.000000
11286805.000000
11264928.000000
11240871.000000
11213611.000000
11183268.000000
11150156.000000
11114116.000000
11074971.000000
11033341.000000
10990550.000000
10945498.000000
10898901.000000
10850791.000000
10802452.000000
10751255.000000
10701038.000000
10649317.000000
10597549.000000
10544787.000000
10493696.000000
10439937.000000
10385981.000000
10331538.000000
10277646.000000
10222649.000000
10169386.000000
10115624.000000
10062308.000000
10008760.000000
9956107.000000
9902725.000000
9850360.000000
9797754.000000
9745418.000000
9692394.000000
9638631.000000
9586208.000000
9532015.000000
9479086.000000
9425224.000000
9372953.000000
9318947.000000
9267436.000000
9214434.000000
9163588.000000
9110597.000000
9059277.000000
9006421.000000
8955000.000000
8902305.000000
8849308.000000
8795806.000000
8742978.000000
8690040.000000
8636768.000000
8584040.000000
8532015.000000
8479388.000000
8426624.000000
8373384.000000
8319708.000000
8266851.000000
8211452.000000
8156407.000000
8099412.000000
8043079.000000
7985647.000000
7929152.000000
7869791.000000
7812128.000000
7753290.000000
7695446.000000
7635334.000000
7576512.000000
7516385.000000
7456951.000000
7395927.000000
7335959.000000
7273870.000000
7211534.000000
7148198.000000
7084627.000000
7020403.000000
6956591.000000
6892348.000000
6828539.000000
6764251.000000
6699260.000000
6634882.000000
6568194.000000
6502216.000000
6436021.000000
6369192.000000
6300813.000000
6234602.000000
6166188.000000
6099251.000000
6030781.000000
5963924.000000
5895159.000000
5828285.000000
5759756.000000
5692443.000000
5624905.000000
5557850.000000
5489218.000000
5421299.000000
5352573.000000
5283945.000000
5215404.000000
5145982.000000
5076931.000000
5008651.000000
4939561.000000
4871134.000000
4802526.000000
4734711.000000
4666975.000000
4598538.000000
4530421.000000
4461470.000000
4393352.000000
4323772.000000
4255417.000000
4186330.000000
4118509.000000
4048819.000000
3981515.000000
3911463.000000
3844520.000000
3776500.000000
3709773.000000
3641771.000000
3575796.000000
3508479.000000
3441563.000000
3374999.000000
3308313.000000
3241776.000000
3175833.000000
3109929.000000
3043479.000000
2978116.000000
2912696.000000
2848178.000000
2784198.000000
2721323.000000
2657360.000000
2594173.000000
2529375.000000
2467087.000000
2403380.000000
2340552.000000
2276875.000000
2214630.000000
2151207.000000
2089583.000000
2026435.000000
1965107.000000
1902649.000000
1841946.000000
1779398.000000
1716940.000000
1655261.000000
1593053.000000
1529499.000000
1466521.000000
1402648.000000
1338083.000000
1273121.000000
1207479.000000
1141214.000000
1075069.000000
1007942.000000
940200.000000
873429.000000
803528.000000
734043.000000
662584.000000
592151.000000
519101.000000
447614.000000
372725.000000
299454.000000
224076.000000
149452.000000
72988.000000
