-0.000000
-0.000172
-0.000678
-0.001536
-0.002684
-0.004208
-0.005890
-0.008046
-0.010359
-0.013062
-0.015773
-0.019085
-0.022289
-0.026059
-0.029992
-0.034297
-0.039022
-0.043712
-0.048624
-0.054176
-0.059322
-0.065402
-0.072064
-0.077829
-0.084404
-0.092687
-0.099454
-0.105534
-0.116724
-0.121745
-0.132933
-0.140244
-0.151847
-0.159561
-0.172096
-0.180925
-0.192171
-0.201381
-0.215809
-0.224629
-0.237234
-0.249240
-0.261542
-0.275228
-0.288173
-0.302606
-0.319934
-0.330091
-0.346991
-0.364418
-0.380907
-0.393227
-0.413563
-0.424656
-0.435677
-0.464408
-0.472216
-0.494954
-0.510483
-0.542557
-0.546270
-0.577748
-0.585528
-0.613890
-0.626291
-0.653453
-0.663450
-0.688969
-0.704232
-0.725077
-0.746226
-0.767678
-0.786384
-0.808357
-0.830632
-0.849901
-0.869294
-0.895780
-0.908440
-0.931854
-0.951803
-0.971859
-0.999924
-1.008232
-1.040933
-1.061583
-1.095366
-1.103157
-1.151378
-1.159034
-1.199464
-1.206759
-1.248303
-1.250132
-1.303072
-1.304383
-1.331938
-1.354252
-1.399192
-1.399050
-1.445023
-1.462026
-1.484950
-1.520380
-1.556335
-1.592818
-1.623234
-1.653937
-1.678075
-1.723175
-1.712234
-1.779602
-1.789638
-1.844148
-1.846331
-1.917597
-1.903611
-1.960590
-1.985983
-2.052938
-2.045232
-2.096547
-2.113773
-2.166220
-2.174412
-2.209517
-2.244900
-2.299487
-2.306889
-2.352719
-2.399129
-2.446122
-2.473262
-2.552247
-2.580104
-2.661371
-2.689955
-2.740518
-2.769355
-2.798154
-2.895863
-2.902250
-3.002504
-2.996823
-3.111640
-3.093211
-3.223298
-3.216758
-3.337502
-3.330520
-3.427914
-3.420127
-3.533053
-3.565765
-3.598417
-3.659154
-3.706295
-3.768171
-3.830710
-3.864307
-3.927814
-3.946457
-3.995380
-4.075712
-4.094116
-4.127991
-4.194037
-4.195469
-4.129946
-4.245846
-4.177563
-4.243683
-4.154684
-4.202849
-4.074152
-4.120832
-3.986568
-3.940089
-3.780601
-3.710492
-3.524419
-3.371853
-3.157172
-3.015502
-2.830591
-2.621131
-2.366214
-2.105382
-1.838587
-1.524027
-1.265821
-0.916678
-0.560047
-0.239399
0.131928
0.599767
0.897612
1.360086
1.694381
2.150821
2.475979
2.948825
3.216244
3.656904
3.959963
4.415588
4.730870
5.101629
5.403100
5.888051
6.124164
6.493819
6.712293
6.960458
7.185654
7.441078
7.618660
7.798551
7.869919
7.997531
8.041821
8.057448
8.072370
8.028606
8.041578
7.906314
7.976042
7.685794
7.631827
7.301096
7.179457
6.837342
6.770658
6.354324
6.217100
5.851788
5.544487
5.166002
4.813568
4.421474
4.022374
3.582429
3.100762
2.679552
2.216527
1.745717
1.337468
0.851516
0.429171
-0.108149
-0.581380
-1.025470
-1.476507
-1.785721
-2.362088
-2.682769
-3.236679
-3.530296
-4.060147
-4.364017
-4.868475
-4.984615
-5.620268
-5.702829
-6.109846
-6.318642
-6.735380
-6.826778
-7.252412
-7.389840
-7.655575
-7.796779
-8.025249
-8.169955
-8.229032
-8.332164
-8.347795
-8.451964
-8.422568
-8.482342
-8.496880
-8.510976
-8.202077
-8.398637
-8.223530
-8.327665
-8.148393
-8.252251
-8.116802
-8.172339
-7.789875
-7.989846
-7.698486
-7.750413
-7.402377
-7.502306
-7.298940
-7.296459
-7.139366
-7.186517
-7.077689
-7.124110
-7.012496
-7.005103
-7.103990
-7.042428
-7.196042
-7.242276
-7.343453
-7.445469
-7.770337
-7.540322
-7.925202
-7.975104
-8.366649
-8.361710
-8.874871
-8.814042
-9.277054
-9.393026
-9.805226
-9.924788
-10.523594
-10.527558
-10.954631
-11.203615
-11.638761
-11.708766
-12.212931
-12.535386
-12.861012
-13.189827
-13.585325
-13.793214
-14.131289
-14.472597
-14.817156
-15.034238
-15.253079
-15.672053
-15.629524
-16.187725
-16.213341
-16.915035
-16.875414
-17.245096
-17.136385
-17.717697
-17.608723
-18.127581
-18.088335
-18.189329
-18.148251
-18.248972
-18.134071
-18.306477
-18.334421
-18.508135
-18.535788
-18.562889
-18.738157
-18.540682
-18.340227
-18.439056
-18.538134
-18.637449
-18.506639
-18.605219
-18.315981
-18.178919
-18.431786
-18.134617
-18.388357
-18.165936
-18.581139
-18.194828
-18.612993
-18.302626
-18.642406
-18.327442
-18.751957
-18.349770
-18.693806
-18.537333
-18.715746
-18.725767
-18.820303
-18.915058
-19.010031
-19.278111
-19.287498
-19.558170
-19.830797
-19.840836
-20.027452
-20.126112
-19.777531
-20.414007
-20.242649
-20.795347
-20.713921
-21.181097
-21.007088
-21.663855
-21.395935
-21.965908
-21.977060
-22.459381
-22.566246
-22.959143
-23.067818
-23.465229
-23.575722
-23.783522
-23.894932
-24.300535
-24.512220
-24.725056
-25.137766
-25.254007
-25.470770
-25.890171
-26.008978
-26.331360
-26.655836
-26.264252
-27.001923
-26.917210
-27.454851
-27.265232
-28.017445
-27.826906
-28.374920
-27.969822
-28.735281
-28.541002
-28.990759
-29.010626
-29.138512
-29.375843
-29.724060
-29.633799
-29.984440
-30.003870
-30.245806
-30.376856
-30.845892
-30.752777
-31.225704
-31.131624
-31.493935
-31.628426
-31.647671
-31.666178
-31.218004
-31.934931
-31.482325
-32.440609
-31.747612
-32.356438
-32.013851
-32.627155
-32.160614
-32.898830
-32.670681
-33.293438
-32.818352
-33.076229
-32.964962
-33.223816
-33.234978
-33.120369
-33.129456
-33.641758
-33.524803
-34.041153
-33.795605
-34.059395
-34.452995
-34.461678
-34.339977
-34.606750
-34.613556
-34.357281
-35.019695
-34.893467
-35.163460
-34.901871
-35.707264
-35.309792
-35.582264
-35.314785
-35.995201
-35.725548
-36.137386
-35.727081
-36.002476
-35.863743
-36.418114
-35.999172
-36.556637
-36.695728
-36.835045
-37.116249
-36.972141
-37.397049
-37.251232
-37.391109
-37.386852
-37.381733
-37.521179
-37.660843
-36.921635
-37.940815
-37.638321
-37.777203
-37.321537
-38.055614
-37.745781
-38.334862
-38.022160
-38.614956
-38.147392
-39.048416
-38.424320
-38.563095
-38.393684
-38.841251
-38.514736
-38.964371
-38.790779
-38.929104
-39.225163
-39.048267
-39.186623
-39.643604
-39.623714
-39.602909
-39.902958
-39.074093
-39.858932
-39.510334
-40.137486
-39.622147
-40.909706
-40.062183
-40.696938
-40.505276
-40.977821
-40.617111
-40.924038
-40.895721
-41.373043
-41.344528
-41.315048
-41.284611
-41.595547
-41.564331
-41.532135
-42.017708
-42.332294
-42.126007
-42.266891
-42.583199
-42.900860
-43.043476
-43.009277
-43.151672
-42.759750
-44.152023
-43.400616
-44.442814
-43.685883
-45.096561
-44.516983
-45.573498
-44.990143
-45.686588
-45.466408
-46.536724
-46.131058
-46.279579
-46.241829
-46.764236
-46.726257
-46.875523
-47.024960
-47.364040
-47.324394
-47.474384
-47.433292
-47.774899
-47.925434
-48.076149
-48.420719
-48.378109
-48.139565
-47.507751
-48.832401
-48.394016
-48.938816
-48.694450
-49.639156
-49.194763
-50.145336
-49.497826
-50.051640
-50.003220
-50.560455
-50.106049
-50.462002
-50.819374
-50.768738
-50.717030
-51.076153
-51.230118
-51.384254
-50.915119
-51.067730
-51.429565
-50.954075
-50.685314
-50.203281
-49.929218
-49.228424
-48.948399
-47.171902
-46.882759
-45.732426
-45.220684
-43.409492
-43.319866
-40.839565
-39.433517
-37.363239
-35.499519
-32.965179
-30.856497
-27.408947
-25.049490
-21.119884
-18.728043
-15.204246
-12.332730
-8.545126
-5.412303
-1.809234
2.041168
5.458542
8.667143
13.037432
16.285385
20.241499
24.219624
27.294550
32.242027
34.425533
38.486843
40.465183
45.034096
46.570202
50.236923
52.031273
54.783524
56.599022
59.377678
60.975288
62.820675
64.434959
66.298363
66.720665
67.386856
68.055840
68.483917
68.424728
68.119362
67.074455
66.515793
65.459297
63.900986
62.830238
60.507992
59.670620
56.324753
54.215397
51.087559
49.456478
46.045216
43.883705
40.692947
38.504910
33.748238
31.529585
27.756895
24.221832
20.668032
17.613518
13.504130
10.154346
6.526037
2.617156
-1.311952
-4.472116
-8.175986
-11.369973
-14.845315
-18.338295
-21.316040
-24.041620
-27.316442
-30.339144
-31.492676
-35.889915
-37.333191
-40.410629
-42.143673
-44.702728
-45.634605
-48.762234
-49.158718
-51.208549
-52.164078
-53.400505
-53.810406
-54.777905
-55.749638
-55.607845
-56.025028
-56.724518
-57.145348
-58.132072
-57.708603
-57.566063
-57.706512
-56.992180
-56.559441
-56.124035
-55.685940
-54.957439
-54.513294
-52.042595
-52.747486
-51.421642
-51.253773
-49.916939
-50.036266
-48.102524
-49.099144
-46.563568
-47.264946
-45.304241
-45.708271
-43.733692
-43.538631
-43.342239
-43.144501
-42.945431
-43.347069
-43.146721
-43.247459
-43.954552
-44.056839
-44.463745
-44.872116
-45.893902
-46.306664
-47.643021
-47.752785
-48.789001
-47.663036
-50.564209
-50.990856
-53.288769
-52.160961
-54.784180
-55.536263
-57.234695
-57.049206
-59.705490
-59.523712
-61.879257
-62.336590
-63.114216
-63.894772
-65.959030
-66.427452
-67.540627
-68.658203
-69.457085
-69.935196
-71.388275
-72.521988
-72.356392
-73.169395
-73.658005
-74.476227
-73.324554
-75.792061
-75.297485
-76.785965
-75.958427
-76.456314
-75.623192
-77.456711
-75.951683
-77.122025
-76.280540
-77.118629
-75.934792
-76.098083
-75.244637
-75.066231
-73.865311
-74.364235
-74.181000
-74.681549
-73.467110
-73.967079
-73.089569
-72.553215
-73.052696
-72.165901
-72.317863
-71.773048
-71.574554
-69.625275
-71.523979
-70.268021
-71.118690
-69.855537
-70.707809
-69.437462
-71.711380
-70.081017
-70.938705
-69.298920
-70.873383
-69.225647
-69.727127
-69.149673
-69.652016
-70.517517
-70.298935
-70.442055
-70.949074
-71.093056
-71.602409
-71.747253
-72.992546
-72.404655
-72.918686
-74.172302
-74.321152
-75.211060
-74.247787
-76.627983
-77.153503
-79.174431
-77.834976
-79.864204
-79.646736
-81.310051
-81.847839
-83.898865
-83.306709
-85.367538
-84.394630
-86.083611
-86.633667
-88.332466
-88.121620
-90.596497
-90.772636
-91.719597
-93.441856
-95.170158
-94.966400
-95.926300
-96.500160
-96.685715
-98.043159
-98.622452
-99.595398
-97.428558
-101.550522
-100.166527
-103.122757
-102.130981
-103.911034
-102.915649
-104.702583
-103.703560
-105.097786
-104.094391
-104.691002
-104.083572
-104.681068
-104.876740
-105.476585
-104.863388
-106.681007
-105.660011
-106.670265
-106.052025
-107.474045
-107.263031
-106.640434
-107.658501
-107.032967
-108.054161
-106.599380
-108.450058
-106.989349
-109.677063
-108.211899
-110.493340
-109.023003
-110.894424
-108.998886
-110.455704
-109.392662
-110.432648
-108.519890
-109.560707
-108.061981
-109.528931
-107.598175
-108.216164
-107.982101
-107.746552
-107.509537
-107.700142
-107.460930
-107.220261
-106.115364
-106.734436
-106.489304
-105.375420
-105.560211
-103.569214
-105.929916
-104.804749
-106.299751
-104.293701
-106.230782
-104.656136
-105.718399
-104.136200
-104.758041
-103.610306
-105.562836
-102.634148
-104.590546
-103.878090
-103.609222
-103.338837
-104.411316
-102.793602
-104.317322
-104.043999
-104.220367
-103.492882
-103.215057
-103.389206
-103.109154
-101.917603
-102.544525
-102.259956
-100.602028
-103.060440
-103.232460
-104.323662
-102.655869
-103.748634
-103.458862
-105.943405
-104.728409
-105.829666
-105.539223
-107.110023
-105.886688
-106.060448
-105.298241
-106.876793
-106.112328
-107.696266
-107.871643
-108.518867
-107.277290
-109.344589
-109.521561
-109.223679
-109.875549
-110.052567
-110.229591
-110.406631
-111.062393
-108.842812
-111.898331
-110.633904
-112.255562
-110.986565
-113.096176
-111.823341
-113.455040
-112.177612
-114.300323
-112.531921
-114.660759
-113.374939
-114.531784
-113.730843
-114.890755
-114.578484
-115.742271
-115.429237
-116.596886
-116.283089
-117.454544
-118.132721
-117.818169
-118.497879
-118.181808
-118.363625
-116.544678
-119.729210
-118.909111
-121.100906
-119.775986
-121.974678
-120.141159
-121.840416
-119.493645
-122.210159
-120.363586
-121.562653
-119.708389
-120.398811
-118.025162
-117.178925
-115.817169
-115.990486
-113.079819
-111.189461
-108.261909
-106.874031
-102.896217
-99.423958
-95.422363
-91.408493
-85.821938
-82.302124
-76.684898
-67.916214
-65.923058
-57.112198
-52.997871
-44.141796
-39.469784
-30.040699
-24.278606
-15.328291
-8.469242
1.590281
8.493749
18.075249
25.554745
34.121990
43.247646
51.329941
58.899734
66.490952
74.103584
82.813126
89.931595
95.452095
102.608002
109.242966
113.188408
118.229210
123.283737
125.632683
131.800140
134.166611
136.539154
137.277054
141.302536
139.854202
142.794952
140.243576
140.988922
137.323792
137.513809
132.726517
130.694427
126.437996
123.279945
117.888435
114.709007
109.847580
103.297325
97.847023
91.261665
85.779312
78.597473
71.395821
65.300224
56.933102
49.672028
42.956379
35.090523
29.470299
18.727392
13.638163
2.845083
-3.418658
-11.981257
-18.281454
-28.030682
-32.077572
-41.297237
-45.946518
-54.633556
-58.736538
-66.886368
-69.861122
-78.046539
-81.622101
-87.525284
-91.122009
-97.633560
-101.834076
-106.045151
-110.266792
-112.162277
-114.647194
-118.895180
-121.394379
-122.725182
-124.646912
-123.040863
-126.735443
-125.717262
-130.014786
-128.997269
-131.531586
-129.325989
-131.272247
-130.249268
-131.605209
-129.982849
-130.146942
-126.724442
-125.686890
-124.646309
-124.802681
-122.555939
-122.709206
-119.851089
-120.000519
-118.338585
-117.881134
-115.606323
-115.749542
-113.465652
-114.213287
-111.921066
-109.013771
-111.586823
-109.281723
-112.471924
-109.549484
-111.521561
-108.590050
-110.565025
-110.084435
-112.065300
-110.351639
-112.336861
-110.618637
-113.845673
-113.363312
-112.879379
-113.635841
-116.258865
-115.775536
-117.783463
-117.923958
-118.064392
-120.706467
-122.728256
-122.873734
-124.902092
-125.049675
-126.455444
-127.864143
-125.492050
-129.427521
-128.947113
-131.629364
-130.516037
-134.474182
-132.725632
-135.423157
-133.034286
-137.012085
-135.256653
-137.967896
-135.569153
-135.085083
-134.599487
-135.395706
-134.908493
-135.706024
-133.929443
-134.082214
-132.298843
-132.449295
-131.952835
-131.454849
-130.955307
-130.454239
-129.301910
-128.146545
-126.988205
-123.870987
-125.315186
-122.841766
-124.941437
-123.116180
-124.564476
-123.390297
-123.527275
-119.717445
-121.166931
-118.004547
-120.114616
-117.604073
-118.394768
-117.200417
-118.654579
-117.457176
-119.578423
-119.708824
-119.839134
-120.635880
-123.435654
-122.233490
-121.697029
-125.175354
-125.310310
-127.457664
-126.923080
-129.076050
-126.522316
-132.047302
-131.513824
-135.029724
-134.497513
-138.023315
-137.492386
-140.350052
-138.462204
-142.685043
-142.835373
-146.390030
-145.180542
-147.379684
-148.216980
-149.739334
-151.264450
-153.477509
-155.008835
-157.229507
-158.767044
-159.619339
-161.850388
-162.706711
-164.254501
-167.186737
-168.049866
-166.145203
-171.165970
-170.647003
-174.292938
-172.384979
-178.126556
-174.824646
-178.487732
-176.574371
-180.245712
-178.329315
-182.008820
-180.089340
-181.672745
-181.854553
-182.036209
-183.624847
-183.807678
-184.695328
-184.878616
-185.768112
-187.365906
-187.550919
-187.027328
-187.920502
-189.524750
-189.710602
-189.185120
-189.370026
-186.704300
-191.166046
-188.495911
-191.537659
-188.861740
-191.192673
-188.510269
-191.561844
-188.873642
-191.930450
-187.797394
-189.417664
-187.436050
-188.336533
-188.515930
-189.418182
-185.979736
-188.329041
-186.332123
-187.959579
-186.683990
-186.132660
-185.579803
-185.753891
-185.927856
-184.642029
-185.544830
-184.986496
-184.426697
-179.470169
-185.502197
-182.004349
-185.845291
-183.075684
-184.716019
-184.149109
-185.792542
-181.534988
-183.916748
-182.605988
-184.252213
-183.679092
-182.363174
-181.044418
-181.950821
-181.371765
-182.279236
-183.187866
-184.843048
-180.532745
-183.681000
-181.603073
-181.764999
-178.932144
-179.091141
-177.750015
-178.658051
-179.567291
-175.213791
-178.378738
-175.522324
-177.938263
-175.075638
-177.494614
-173.869781
-177.804337
-171.900833
-177.355606
-174.474976
-178.422134
-175.536621
-176.448517
-176.600357
-176.752029
-176.903595
-177.818161
-177.206253
-179.650803
-177.508362
-176.893417
-179.342728
-177.193344
-178.110809
-179.797806
-179.180176
-176.252121
-181.021851
-179.631531
-181.324890
-180.703949
-183.173080
-180.231277
-183.477478
-180.530243
-183.781281
-180.052505
-182.531006
-180.348984
-184.387039
-181.423523
-183.130417
-182.499985
-184.209747
-183.578323
-183.727341
-182.311279
-183.241791
-184.173416
-184.321777
-183.685028
-183.832428
-183.979721
-183.339951
-183.486282
-181.268082
-185.355957
-183.924301
-188.809998
-185.006180
-189.899658
-186.881775
-190.198639
-189.554794
-192.878174
-189.851547
-194.769531
-192.534439
-192.684082
-193.630386
-193.780334
-193.930099
-195.677063
-195.827698
-196.778091
-196.128494
-197.880890
-196.428589
-196.578354
-197.530960
-197.680984
-198.635071
-198.785339
-198.130081
-195.055359
-199.235184
-194.541458
-198.726364
-193.215958
-196.596329
-190.265671
-192.837845
-188.926758
-189.066666
-183.522110
-182.032196
-175.660309
-171.720184
-167.773941
-163.006546
-155.784958
-151.001190
-142.942886
-135.690018
-126.790329
-118.696098
-107.313202
-98.372978
-87.778976
-77.169563
-64.080177
-51.794052
-38.667568
-21.405792
-12.358270
4.122344
15.675989
29.722845
41.310822
58.702614
69.499718
84.451637
96.110146
111.101250
122.794273
136.994095
147.890045
160.463623
168.062347
179.001480
187.455948
197.589081
204.398651
212.051971
219.715347
224.880798
231.725983
232.720154
237.065979
238.064255
242.418686
239.224091
241.904373
237.023254
238.022644
233.131470
231.602158
222.485626
220.103073
212.653748
206.883072
198.569427
192.781143
180.216217
175.254211
166.896652
158.527908
145.906525
137.512665
124.860756
114.742058
102.909149
91.911850
81.751816
69.874382
57.981609
46.073563
35.857784
23.066063
17.096788
0.000000
-6.847351
-20.554970
-28.280827
-42.019039
-48.051769
-60.102165
-66.153519
-78.229965
-83.439636
-92.959274
-97.322922
-106.000763
-111.239784
-118.210754
-122.599892
-128.722031
-133.986923
-137.528107
-141.073334
-143.756607
-147.309418
-149.999191
-151.824371
-153.651474
-154.611923
-157.311462
-154.796158
-153.147705
-156.721085
-153.328949
-158.649521
-154.381775
-154.472351
-151.943100
-152.905563
-147.749161
-148.709824
-141.793900
-143.627533
-136.700180
-136.778931
-131.593781
-130.791428
-128.231354
-128.304535
-123.981079
-123.171700
-120.600609
-119.787979
-118.092964
-117.277626
-116.461174
-112.995270
-113.058388
-114.005157
-115.837051
-108.823349
-115.080185
-112.486549
-115.207100
-112.610298
-117.107910
-115.396599
-118.123978
-117.299599
-121.808823
-122.764366
-125.500900
-124.677948
-127.418053
-131.943909
-136.474411
-136.547211
-142.870453
-142.946289
-147.491394
-149.358017
-153.910843
-154.887039
-157.655533
-161.322937
-165.890579
-167.771240
-167.858276
-172.435699
-170.727585
-177.108704
-175.400726
-181.790237
-179.181915
-184.678482
-183.871048
-187.571426
-186.764069
-190.469101
-187.855484
-194.275024
-191.660095
-192.660324
-193.661209
-195.568237
-194.759247
-197.574402
-197.671768
-197.768936
-200.588806
-200.686874
-199.876221
-200.882370
-199.160980
-200.167175
-198.443176
-199.449371
-197.722763
-195.994171
-196.087708
-193.443649
-196.274170
-191.800415
-193.718506
-190.152939
-192.986084
-188.501175
-190.420181
-185.929306
-188.764648
-184.268280
-183.436188
-181.685455
-185.441010
-182.770584
-182.854050
-183.856613
-182.100693
-183.103302
-180.424347
-182.347504
-181.508011
-181.589279
-182.592529
-182.673828
-179.985886
-187.452866
-183.840317
-189.466583
-186.775818
-191.482727
-189.715363
-195.352951
-192.658936
-197.375488
-194.679428
-200.327789
-199.485809
-204.212265
-201.513367
-205.315094
-205.402039
-208.278229
-212.086731
-212.175735
-215.057495
-218.872711
-218.031982
-222.783157
-223.807785
-225.765854
-225.858612
-228.752182
-229.779663
-227.069916
-234.640625
-232.865173
-239.508133
-236.796570
-242.509476
-237.922852
-246.451294
-242.799362
-246.646729
-244.867661
-248.718201
-245.998932
-249.852249
-248.070221
-247.226517
-248.262573
-249.299118
-250.336075
-251.373505
-251.469528
-251.565262
-251.660736
-252.698837
-252.794113
-254.776321
-255.815735
-254.966873
-254.117065
-250.431198
-257.141357
-252.507431
-253.546173
-252.692535
-254.678146
-250.035156
-252.968002
-250.215958
-251.254044
-246.601715
-250.485031
-246.777588
-247.814575
-245.052673
-246.089111
-239.522064
-243.409073
-240.640457
-242.626953
-240.807281
-240.890274
-238.115631
-239.149902
-239.231461
-240.266174
-238.439972
-238.520401
-238.600571
-232.952103
-239.715088
-235.973358
-240.829849
-237.085327
-241.944748
-238.197510
-242.102921
-236.438187
-242.260025
-238.506729
-239.541504
-237.701218
-239.694565
-236.893433
-237.927765
-237.043060
-238.077438
-237.191605
-238.226059
-238.299973
-239.334778
-239.408432
-239.481827
-239.554947
-239.627808
-240.663025
-239.772690
-240.807968
-235.098892
-240.951782
-238.131012
-243.023270
-237.306839
-242.201111
-239.376144
-241.376724
-239.515015
-241.516205
-240.619171
-240.687927
-239.789520
-239.857468
-238.957687
-238.057114
-238.123703
-238.190002
-238.256058
-240.259384
-238.387344
-239.421875
-240.456696
-240.521866
-236.706406
-238.710739
-237.803986
-237.867325
-239.872681
-233.136185
-237.084030
-236.174149
-238.179932
-232.407120
-237.330383
-233.499634
-235.505615
-232.645233
-233.677765
-231.788803
-233.795181
-232.879089
-231.962280
-229.094940
-232.076569
-231.157990
-232.189835
-230.294403
-232.301987
-231.381409
-232.413116
-230.514755
-234.477127
-230.623337
-232.632141
-232.686218
-228.828445
-233.771713
-233.825226
-236.814178
-231.973846
-237.900162
-233.057312
-237.027069
-235.120270
-237.131897
-233.263474
-239.196213
-234.345444
-239.299698
-234.446259
-234.496277
-234.546005
-233.613892
-233.662888
-232.729584
-234.742203
-236.755356
-232.873489
-234.886505
-233.951080
-234.981339
-233.061615
-236.058701
-235.121582
-232.215881
-235.213699
-234.275009
-239.242874
-233.380386
-240.319260
-235.439255
-239.424683
-235.527542
-240.499557
-237.586411
-243.546082
-237.673264
-240.675400
-238.745560
-240.761642
-238.830536
-242.820923
-240.888901
-243.893051
-242.947571
-245.952469
-246.982254
-245.047806
-247.065475
-246.118195
-247.147522
-247.188126
-246.239502
-243.312164
-249.286652
-245.368851
-251.344986
-247.425659
-250.433807
-247.502518
-254.471664
-249.558853
-252.567963
-250.624619
-252.643463
-248.717117
-250.735641
-248.789658
-248.825485
-246.878098
-245.921448
-242.980713
-245.990265
-239.080002
-236.136200
-232.199066
-231.237869
-224.320694
-221.372253
-214.451416
-209.514465
-201.596710
-186.724213
-184.761093
-171.869186
-166.922531
-150.049973
-142.117569
-125.237534
-115.311798
-98.424255
-86.504150
-69.609077
-58.677219
-38.791027
-24.868832
-7.958908
5.969835
24.877012
37.817116
54.741108
70.673203
87.604057
103.542679
117.493034
133.437653
149.385300
163.343903
176.308929
194.257217
203.242081
216.213928
224.205551
236.184631
243.182297
255.164658
261.167847
269.165558
274.173401
281.175873
282.196228
285.210907
285.233734
289.245850
289.268372
290.288055
287.317078
283.347565
277.381622
272.412292
267.441956
263.468597
253.506058
246.536224
238.566971
227.601639
216.634628
205.666016
198.689514
181.726944
171.752075
154.785507
145.806213
127.837181
116.857498
100.882332
89.899796
73.921364
63.935150
47.953674
36.966034
23.979067
13.988417
-0.999216
-8.993325
-24.982491
-34.976891
-45.971409
-56.966717
-68.962227
-77.960060
-87.957939
-96.956825
-105.956200
-111.957146
-120.957268
-125.959038
-127.961868
-138.962189
-138.965622
-149.966431
-149.969788
-156.971695
-156.974854
-162.976959
-162.979828
-165.982193
-166.984650
-166.987000
-165.989227
-166.991119
-165.992935
-165.994492
-165.995865
-163.997086
-160.998077
-162.998840
-158.999405
-155.999802
-150.999985
-149.999985
-142.999817
-140.999481
-137.999008
-132.998413
-130.997681
-120.996986
-123.995888
-116.995018
-119.993622
-113.992607
-115.990967
-108.989983
-110.988091
-103.987129
-105.985016
-100.983818
-103.981255
-99.979851
-98.977852
-99.975266
-98.973068
-98.970505
-102.966530
-103.963272
-102.960594
-106.955780
-106.952377
-107.948380
-115.940598
-112.938133
-118.930511
-121.924171
-125.916801
-128.909653
-127.905075
-136.892609
-136.886642
-144.873535
-146.865051
-152.852341
-153.843948
-159.829971
-161.819641
-169.801941
-169.792953
-177.773575
-176.765060
-183.745392
-184.733337
-189.714935
-193.697327
-197.678986
-200.661575
-201.647064
-206.624939
-208.607574
-210.589676
-212.571274
-215.550232
-215.535004
-217.515091
-215.503784
-221.473572
-221.456863
-228.422256
-224.414871
-227.389130
-226.373688
-229.346756
-226.336609
-227.314667
-227.295364
-228.272644
-226.259293
-230.225891
-223.229355
-225.202026
-222.192184
-220.178925
-220.158173
-221.133255
-219.119873
-221.090240
-217.085129
-218.059113
-219.032593
-214.032639
-215.005814
-212.992676
-210.979691
-203.991501
-208.944244
-206.931595
-208.898178
-203.901581
-206.862091
-202.860748
-207.808807
-202.813614
-204.777847
-200.777634
-203.734970
-199.735397
-201.698059
-199.686172
-199.661194
-200.629211
-204.575974
-202.563751
-204.523132
-203.503647
-205.461868
-204.442062
-205.406860
-206.371124
-206.342880
-206.314407
-206.285660
-209.231552
-204.244507
-211.154694
-211.124283
-213.075745
-212.053635
-215.985382
-213.972000
-218.892242
-217.868866
-220.806152
-219.782242
-223.707672
-222.683090
-224.627213
-226.570435
-228.512756
-227.486984
-231.405792
-229.390579
-231.330078
-233.268661
-236.194595
-235.166870
-238.090897
-239.038132
-239.984772
-243.893051
-245.825150
-245.782150
-241.791260
-248.655472
-248.611069
-253.498276
-250.493835
-253.406250
-251.388138
-254.298721
-252.280548
-255.189270
-254.156174
-256.077911
-255.044388
-254.995483
-255.930679
-256.865173
-254.847092
-257.748352
-256.713837
-258.629547
-256.611420
-259.508759
-257.490662
-258.420807
-257.385498
-256.350281
-255.315170
-256.243744
-255.208450
-252.210556
-259.025177
-252.103302
-256.952972
-252.975418
-257.822144
-252.865433
-257.709442
-254.713623
-253.677734
-251.662735
-251.606354
-248.613327
-249.535599
-247.522110
-249.421707
-246.430634
-246.373642
-245.338943
-247.236038
-245.223999
-244.189362
-245.107956
-246.025803
-242.062576
-242.980118
-241.945709
-237.010086
-241.827698
-236.893921
-240.733963
-237.751068
-242.562500
-235.684433
-240.493378
-238.485703
-237.451950
-235.445450
-238.303040
-235.324387
-238.179932
-236.174118
-235.140717
-233.136169
-235.988098
-233.983780
-235.862732
-234.829269
-232.825974
-235.672638
-233.669617
-232.636642
-232.572983
-232.509079
-232.444946
-234.317001
-231.347824
-236.121689
-235.087921
-237.923126
-233.021271
-235.854843
-231.922089
-234.753723
-232.754532
-235.583679
-232.619568
-235.446533
-231.518875
-231.450729
-229.454163
-230.349930
-227.390732
-231.175644
-229.180328
-229.111191
-226.154755
-228.010132
-226.016983
-227.870682
-226.839386
-226.769302
-226.698990
-226.628418
-225.597595
-220.728348
-226.415131
-220.589020
-225.312897
-222.365662
-226.127182
-225.096710
-225.981659
-223.994080
-224.878204
-220.978409
-224.731323
-222.745499
-221.716370
-222.598328
-225.389496
-225.314331
-225.238937
-227.071426
-226.041122
-225.964615
-227.794098
-228.669235
-229.543457
-232.321045
-231.289185
-230.257736
-232.080124
-231.048492
-227.165771
-232.787003
-231.755249
-233.572327
-231.591263
-236.252899
-229.529297
-232.291473
-228.416840
-233.071671
-230.145996
-234.796219
-228.085739
-230.840546
-230.755859
-230.670914
-230.585709
-230.500244
-230.414536
-232.216492
-230.242310
-232.042358
-232.897827
-232.809753
-232.721436
-232.632858
-233.485504
-229.631592
-237.069351
-233.216370
-236.886246
-233.975327
-234.823547
-230.976105
-233.701248
-231.733002
-236.330704
-231.549973
-236.143448
-229.492523
-233.146179
-227.437012
-228.281189
-227.253937
-229.966507
-228.938766
-230.713730
-227.818497
-229.591812
-228.564606
-229.402969
-229.308182
-230.144867
-230.980560
-229.953247
-231.718262
-226.039810
-229.663940
-226.778732
-229.469803
-227.515091
-232.059387
-231.032410
-232.788315
-229.907135
-231.661362
-226.930008
-231.460846
-227.658432
-229.409256
-228.384277
-228.284134
-225.412247
-228.083054
-225.213120
-224.190613
-223.168655
-224.912613
-222.047867
-220.106323
-217.245682
-214.387253
-212.450821
-206.838699
-202.150208
-196.547256
-196.457306
-189.026276
-186.187729
-176.017456
-171.354294
-159.367981
-155.631851
-140.918350
-136.279282
-123.416573
-117.875877
-100.466888
-89.464508
-75.735016
-65.666580
-49.226444
-37.357758
-24.589651
-11.833767
4.549254
17.278809
32.722923
45.426407
59.025551
74.426613
87.090904
101.556137
112.381767
132.255112
137.622086
152.938049
161.907013
175.387085
180.720947
192.371246
195.885284
205.711182
210.116074
219.022873
222.515045
228.704544
233.087509
236.566071
237.343674
239.018616
237.099075
236.976395
234.161987
232.246826
229.437027
223.942520
218.453369
214.759308
205.702637
200.230759
195.657730
183.052780
179.385544
165.018082
161.363846
147.020828
140.707962
126.390976
117.426788
105.804749
96.861031
82.597969
71.900963
59.441139
47.881546
37.220757
25.685902
13.278483
3.538971
-8.842524
-19.442741
-30.914402
-38.842125
-49.407764
-56.434345
-66.096802
-74.867500
-80.987267
-90.619179
-93.205635
-104.576981
-108.908813
-119.380096
-121.943565
-131.518204
-132.318771
-140.124405
-140.043381
-145.210770
-146.000656
-152.905594
-150.196609
-151.854187
-152.637344
-156.034424
-155.071304
-155.850433
-154.017868
-157.405075
-153.834991
-152.874710
-151.047226
-151.824371
-149.132141
-146.442886
-145.488617
-141.938812
-140.987946
-134.851364
-136.497177
-130.370316
-132.879227
-125.899284
-125.822044
-119.715828
-121.363510
-116.127327
-117.774780
-113.406029
-112.476906
-108.116470
-105.476364
-102.839363
-101.918404
-101.854324
-100.079399
-100.016212
-100.807236
-98.182030
-98.972839
-99.762474
-99.698799
-102.189781
-101.273232
-103.759636
-102.842888
-103.625931
-102.710083
-108.581596
-110.206573
-114.370804
-115.142860
-117.605873
-117.528854
-122.521584
-121.596588
-124.891884
-128.182632
-132.311523
-132.223755
-135.502411
-137.094299
-140.364838
-142.790771
-146.891983
-148.470963
-153.400574
-153.297089
-155.704849
-158.945618
-159.673721
-161.235977
-162.795792
-165.187485
-163.406998
-169.126923
-167.345566
-171.390305
-170.440643
-173.646149
-171.035049
-174.235092
-172.455673
-173.163986
-173.871017
-175.404053
-173.627472
-176.810303
-171.731995
-173.260910
-172.313965
-173.839661
-173.716263
-175.238098
-174.291122
-172.523560
-171.579132
-170.635742
-168.873581
-168.752060
-169.448914
-167.690430
-167.568970
-161.729691
-166.509430
-163.125610
-166.266647
-161.258423
-164.395630
-161.835190
-163.341400
-161.596893
-163.100449
-158.925507
-161.238373
-159.499283
-159.380539
-157.644821
-160.758316
-159.023483
-158.904175
-157.172714
-157.054321
-155.326202
-157.621323
-155.894760
-157.382385
-158.867416
-157.142853
-157.824005
-158.503860
-159.182281
-155.862869
-159.736359
-157.219025
-162.679794
-160.960266
-163.224106
-160.710541
-162.970444
-162.843384
-165.891129
-164.175049
-167.216293
-165.501221
-167.744690
-166.821808
-168.270004
-168.926208
-170.369720
-172.598740
-173.248825
-173.897568
-176.903580
-175.190750
-176.620193
-178.046967
-176.336258
-177.760193
-179.963928
-180.600067
-177.328888
-184.209747
-180.160233
-183.909683
-182.980774
-185.165054
-183.458450
-187.968094
-186.261215
-188.434006
-186.728714
-188.896683
-189.513550
-190.129013
-189.970810
-189.812439
-191.195801
-192.576416
-193.184692
-194.560486
-192.860046
-195.000626
-193.301804
-194.671204
-192.208878
-193.575928
-192.646805
-188.663589
-192.318359
-190.628876
-192.751144
-191.063278
-193.180725
-189.214828
-194.366241
-188.888107
-191.756302
-189.318115
-190.666809
-188.988861
-190.334625
-187.149811
-186.232010
-186.822006
-188.915848
-186.493668
-187.080597
-185.414017
-187.500000
-186.584457
-185.670197
-184.757019
-185.339737
-184.427643
-185.008789
-184.097717
-183.932526
-182.279205
-179.141754
-181.950821
-179.560455
-182.363174
-177.013290
-179.812424
-175.952332
-178.007782
-174.155487
-176.945267
-173.836792
-175.149048
-172.782257
-172.623108
-170.262192
-171.571198
-170.679825
-171.253342
-171.825455
-171.665497
-170.775635
-171.345245
-171.184921
-170.296768
-170.863968
-170.703262
-169.091019
-167.481445
-170.944839
-169.335632
-169.897964
-168.291962
-171.018219
-167.971527
-169.971741
-167.650543
-171.084137
-167.329117
-170.038040
-168.440704
-169.710358
-165.969437
-169.382187
-168.503922
-168.340225
-169.601685
-168.012512
-167.137222
-168.394806
-166.810150
-165.228210
-166.482666
-167.026443
-166.154648
-165.990524
-165.826248
-162.842072
-166.201569
-163.925629
-165.870850
-164.301025
-166.241074
-163.972382
-166.608093
-162.944031
-165.574554
-161.917999
-165.240570
-161.590912
-162.818802
-160.568268
-161.099426
-160.935410
-162.157242
-159.914749
-161.825775
-160.278168
-158.733368
-159.948975
-159.784210
-158.243301
-158.767075
-158.602692
-157.752350
-160.329163
-156.055603
-159.311737
-157.779373
-160.343643
-156.767715
-161.369476
-158.479248
-158.312424
-156.788055
-160.012604
-155.779587
-158.997467
-156.125259
-157.309616
-155.793320
-156.300888
-155.460922
-157.311401
-157.142883
-157.645035
-158.145630
-157.305923
-157.136261
-157.634476
-157.463867
-157.959686
-157.788177
-158.946747
-158.109283
-155.945969
-158.427063
-156.267197
-158.080185
-157.906586
-159.712845
-158.218384
-161.336411
-157.211365
-160.979691
-156.863190
-160.622604
-157.824463
-159.611053
-157.472672
-159.254715
-157.772552
-158.246841
-158.069077
-158.541000
-157.064316
-156.887085
-156.062180
-156.532288
-155.062561
-154.241119
-152.131775
-148.738922
-149.855469
-145.829636
-146.304382
-141.008987
-139.566574
-134.290176
-131.580521
-125.686600
-122.992241
-115.848015
-112.534714
-104.148369
-100.221321
-90.600929
-86.065353
-77.747543
-71.342972
-63.061333
-56.688526
-45.926598
-37.703423
-29.499489
-20.687925
-11.897126
-3.127111
5.622114
15.598404
23.058132
34.234695
40.410843
50.297840
57.059906
66.283455
72.391014
81.573517
84.561264
94.322899
99.750404
105.779480
110.565025
116.565590
121.325630
124.849709
127.753441
130.649658
132.928558
134.592438
133.818680
136.083923
135.309280
134.536102
134.369675
132.994110
131.017700
128.442749
125.271515
121.506195
120.152878
112.202393
109.664757
102.943573
99.227631
90.744644
87.052719
79.201332
74.343193
66.527107
60.510323
52.731125
47.930183
40.777374
33.052418
25.936552
18.250082
10.583229
4.110413
-2.932231
-11.128119
-17.548042
-23.951319
-30.337954
-37.873260
-43.643185
-50.560238
-56.298313
-61.441589
-65.413445
-73.421570
-76.789513
-84.184570
-85.225555
-90.864235
-94.190369
-99.228088
-99.669601
-105.258049
-106.260971
-110.113464
-110.536621
-113.803314
-113.083122
-114.634338
-114.480766
-116.025085
-115.869156
-117.406631
-117.812057
-118.215927
-117.493896
-116.773422
-117.736336
-115.896721
-115.739037
-112.231125
-115.423615
-111.924805
-112.883728
-108.286430
-109.801445
-106.881462
-106.181213
-102.721146
-104.233704
-101.335800
-100.095413
-98.308830
-98.172142
-95.297081
-94.070335
-92.846626
-92.171356
-91.497627
-89.737640
-89.068428
-88.943069
-88.276115
-87.610718
-87.486832
-88.441483
-87.239021
-88.728355
-88.065147
-86.867226
-89.420502
-87.688637
-88.630997
-88.503914
-89.973999
-89.312973
-91.307816
-89.585823
-90.515045
-89.326942
-91.308662
-90.649139
-92.622421
-90.911079
-90.778519
-91.169952
-92.082993
-89.858383
-91.813217
-91.678299
-91.543411
-92.966591
-92.310745
-92.692116
-92.554901
-92.933937
-91.249306
-91.113586
-89.435844
-91.355362
-89.168976
-91.082306
-88.391129
-89.788956
-87.106964
-88.501678
-86.336746
-87.220520
-85.063293
-86.451096
-84.805519
-83.668571
-82.534744
-82.408913
-80.777901
-81.656303
-80.030670
-79.408524
-80.283859
-81.156105
-79.539673
-79.416969
-78.798622
-78.181816
-78.554665
-78.925964
-79.295784
-77.697014
-79.539757
-77.454613
-79.780701
-77.700943
-80.994408
-79.892776
-83.171692
-82.069351
-83.879150
-81.810150
-84.097145
-83.481216
-84.312126
-85.139984
-84.524048
-85.827606
-86.169113
-87.464996
-86.847549
-87.660904
-88.946892
-89.278481
-90.082664
-91.357155
-91.681931
-92.005142
-94.211052
-94.998451
-93.904701
-96.564140
-95.938416
-97.650368
-98.423294
-100.124611
-99.030197
-100.723854
-100.094398
-102.704948
-100.687660
-103.748657
-102.195534
-102.944916
-103.232491
-103.976547
-104.260284
-104.999046
-104.367516
-106.012527
-107.197182
-107.470337
-107.742012
-108.012238
-108.280899
-107.647255
-108.364090
-106.384628
-109.340622
-107.365044
-109.861488
-108.336357
-110.376427
-108.410110
-109.998245
-108.038101
-109.620209
-108.548767
-109.242340
-108.173988
-109.742523
-108.237595
-107.174667
-106.988182
-107.673599
-106.615341
-107.732254
-107.109993
-107.355072
-105.870163
-106.978111
-106.789658
-105.741554
-106.412872
-105.367897
-106.036308
-103.287224
-105.659874
-104.195847
-105.708176
-103.400490
-104.484535
-102.608284
-103.688629
-102.660843
-103.315994
-101.452797
-102.524986
-100.668762
-100.069466
-100.304108
-100.121849
-99.524994
-100.585381
-99.162224
-99.393326
-98.387978
-98.618492
-98.027168
-99.484413
-98.075157
-97.078407
-97.713234
-96.719566
-95.728951
-94.336533
-95.373489
-93.985695
-96.226036
-93.635002
-95.064262
-92.884239
-93.109444
-91.737770
-93.555527
-91.789673
-92.012840
-91.047005
-91.664650
-90.701996
-90.135925
-89.571434
-89.400597
-89.621178
-89.449768
-88.888481
-88.717888
-88.158974
-88.376907
-88.206490
-87.650002
-86.324310
-86.926323
-86.757698
-84.290245
-86.802902
-85.107071
-85.702721
-83.634315
-85.367538
-82.928040
-84.654678
-82.602203
-83.945114
-81.900894
-82.488831
-81.202858
-81.788681
-80.508003
-80.347763
-80.187599
-80.398064
-80.237282
-79.338531
-79.547646
-79.387856
-79.228104
-79.434456
-78.543449
-79.842934
-79.681290
-78.793434
-79.720444
-77.750061
-79.756996
-79.594170
-80.509659
-79.627403
-81.253799
-80.015266
-80.563553
-80.397491
-81.296524
-79.002846
-80.960457
-79.734085
-79.920486
-79.754211
-80.639793
-80.121544
-80.303154
-79.786537
-79.966881
-79.798851
-80.323341
-79.463028
-80.674347
-80.159691
-79.989891
-79.477600
-77.941315
-80.845535
-78.630814
-80.161224
-78.972946
-79.818451
-77.959732
-78.802467
-77.288658
-78.463257
-75.951721
-76.789001
-75.623177
-75.791466
-74.299957
-73.145248
-71.334465
-70.519569
-68.721207
-66.602104
-64.819046
-63.043266
-59.645119
-58.212734
-54.514694
-51.803848
-47.489265
-45.127434
-40.846012
-35.941422
-33.619896
-28.113691
-25.819460
-19.400679
-16.183804
-10.764927
-6.318039
-0.630378
2.830288
8.471631
12.522095
18.428131
22.125751
27.671862
31.641396
36.521023
40.760441
44.980057
48.872517
52.746647
56.602493
59.219002
63.345600
65.629478
68.811569
71.071030
73.017532
74.954292
78.382896
78.499062
80.108414
79.920227
80.922195
79.841042
81.133102
79.464195
79.570656
78.205811
78.313271
75.493332
75.021362
72.221191
70.014801
66.948746
64.474991
61.435616
58.985722
55.398914
51.828831
49.418087
45.308762
42.356030
38.566437
34.229122
30.759197
27.024395
23.026789
20.449135
15.927876
13.379908
8.897936
6.656959
1.383433
-0.828001
-5.230979
-7.689633
-11.779644
-14.209578
-18.262695
-19.848320
-22.781832
-25.159325
-27.524599
-29.070156
-31.950077
-33.476032
-35.528164
-37.303051
-38.005470
-39.764236
-40.984776
-42.726120
-42.616619
-44.606373
-45.538528
-45.943291
-45.304001
-46.745079
-46.365005
-47.278122
-47.155258
-47.289501
-46.909882
-47.298664
-46.409882
-46.542549
-45.659355
-45.286240
-44.157570
-43.537651
-42.920513
-42.556499
-41.195202
-41.085667
-40.479546
-39.876205
-38.781548
-38.431343
-37.836857
-36.755039
-37.144867
-36.557255
-35.972370
-35.147808
-35.294277
-33.751896
-34.862194
-34.287609
-34.672207
-33.861980
-34.958225
-34.150764
-34.766342
-33.963005
-35.045258
-34.479225
-35.085407
-34.521542
-35.355968
-34.561604
-35.621696
-35.291435
-35.652653
-35.552605
-36.367569
-36.493229
-36.617733
-36.741028
-37.089291
-37.209579
-37.553562
-38.119358
-37.339844
-39.016750
-38.238094
-39.015148
-38.460953
-39.231831
-38.459373
-39.882156
-39.111233
-39.869251
-39.101704
-40.070866
-39.090157
-40.052616
-39.291241
-39.390076
-39.274319
-39.584373
-39.043236
-38.927860
-38.601669
-38.276894
-38.792206
-38.049515
-37.310696
-37.407009
-37.502232
-36.563435
-36.453541
-35.317104
-36.438866
-35.308250
-35.811745
-35.500225
-35.594543
-34.881283
-35.176861
-34.267723
-34.961876
-34.057926
-34.350304
-33.650639
-33.349426
-32.852829
-32.947170
-32.258354
-32.742695
-31.863482
-31.957687
-32.050774
-31.950289
-32.041794
-32.706001
-32.602901
-32.689945
-32.775913
-32.860802
-33.132908
-32.276779
-33.670250
-33.003235
-34.198551
-33.533024
-34.348534
-33.869713
-35.044720
-34.199837
-35.182747
-34.886776
-35.678799
-35.562496
-35.986092
-36.047619
-36.465633
-36.345776
-36.581268
-37.345509
-37.574837
-37.450333
-37.851757
-38.249802
-38.470444
-38.688934
-39.251091
-39.291828
-39.675049
-39.883793
-39.578617
-40.634991
-40.327869
-41.204174
-40.895706
-41.427189
-40.617126
-41.477558
-41.003284
-41.854965
-41.381130
-42.059792
-41.423153
-41.769085
-41.461437
-41.803280
-41.980434
-41.672840
-42.168259
-42.180111
-42.031784
-41.883682
-41.735786
-41.588100
-41.754616
-41.449829
-41.146374
-40.688938
-41.162464
-40.089806
-40.406750
-39.648991
-40.421192
-39.515240
-39.674980
-38.927444
-38.785851
-38.045368
-38.055618
-37.618919
-38.073486
-37.047894
-36.911427
-36.775127
-36.639027
-35.921429
-36.367516
-35.654652
-35.665363
-35.531933
-35.113239
-34.839138
-34.707943
-34.294693
-33.602592
-33.615318
-32.789951
-33.082104
-32.540451
-32.829823
-32.154381
-32.304630
-31.498472
-31.920258
-31.390938
-31.673609
-30.745024
-31.026527
-30.372643
-30.519241
-30.003099
-30.543495
-29.767551
-29.780731
-29.532831
-29.545340
-29.557009
-29.182222
-29.193775
-28.949444
-28.960373
-28.464447
-28.475809
-28.235340
-28.121063
-27.633562
-28.141085
-27.656006
-27.911911
-27.430258
-27.683542
-27.205339
-27.576967
-27.101637
-27.229267
-26.996775
-26.884405
-26.535316
-26.424341
-26.196100
-26.320011
-25.976179
-26.098494
-25.988041
-26.107847
-25.882298
-26.114073
-25.775393
-25.778044
-25.892548
-25.781101
-25.446651
-25.447718
-25.226772
-24.786642
-25.117380
-24.789270
-25.115639
-24.572443
-25.003187
-24.356415
-24.676012
-24.141266
-24.563372
-24.137733
-24.344738
-23.817888
-23.919008
-23.397272
-23.497852
-23.494184
-23.591959
-23.383064
-23.377720
-23.270924
-23.064066
-23.058016
-23.051231
-22.845947
-22.740240
-22.634787
-22.627043
-22.618614
-22.416252
-22.599695
-22.397808
-22.673346
-22.376612
-22.459366
-22.258829
-22.620218
-22.047112
-22.404491
-21.928469
-22.098034
-21.717678
-21.703438
-21.598171
-21.852894
-21.656847
-21.640020
-21.533934
-21.516300
-21.410250
-21.391750
-21.372625
-21.352873
-21.074480
-20.969187
-21.204771
-20.674589
-20.991999
-20.718204
-21.113985
-20.674620
-20.982353
-20.628660
-20.768297
-20.173557
-20.231503
-19.885515
-20.022789
-19.600088
-19.418732
-18.923061
-18.667099
-18.178926
-18.005537
-17.447206
-16.970829
-16.498734
-16.030926
-15.265115
-14.807469
-13.980281
-13.384401
-12.424562
-11.768746
-10.680590
-9.676504
-9.044703
-7.843702
-7.299582
-5.907080
-5.237395
-4.011809
-3.149578
-1.531194
-0.899727
0.550567
1.368658
2.653793
3.856630
4.911096
5.953337
7.049908
7.935223
9.007209
9.739572
10.722936
11.371316
12.204301
13.026924
13.648805
14.262673
14.868595
15.341820
15.932605
16.577143
16.416765
17.109879
16.946392
17.265188
17.220415
17.472395
17.129618
17.435804
16.920403
16.874268
16.481913
16.265245
15.822639
15.554270
15.007309
14.577959
13.986605
13.236382
12.768853
12.088618
11.470382
10.698034
10.041720
9.393214
8.646991
7.909856
7.181768
6.566105
6.060760
5.153443
4.663210
3.725974
3.251046
2.384743
1.924621
1.078383
0.730301
-0.096714
-0.384227
-1.049419
-1.468604
-2.070155
-2.569854
-3.016084
-3.409850
-3.752154
-4.043971
-4.421646
-4.659290
-5.026690
-5.300191
-5.569396
-5.703719
-5.965359
-6.136961
-6.092567
-6.471287
-6.382131
-6.668878
-6.537162
-6.735381
-6.644763
-6.716780
-6.506051
-6.616773
-6.369230
-6.399685
-6.234303
-6.148228
-5.986156
-5.864100
-5.705602
-5.624024
-5.394368
-5.278512
-5.090723
-5.050735
-4.794612
-4.649348
-4.434976
-4.293973
-4.189724
-3.948190
-3.881914
-3.543726
-3.616220
-3.351980
-3.424149
-3.165084
-3.171530
-3.047850
-3.118811
-2.965078
-3.129739
-2.946494
-3.014648
-2.927247
-2.993753
-2.907359
-3.062312
-2.976136
-3.097623
-3.099661
-3.159276
-3.217459
-3.331171
-3.301377
-3.411530
-3.491588
-3.569761
-3.646072
-3.747496
-3.766463
-3.811052
-4.011644
-3.948240
-4.168543
-4.154776
-4.342680
-4.301372
-4.433639
-4.464656
-4.543028
-4.498956
-4.645683
-4.623752
-4.648305
-4.671678
-4.739686
-4.714961
-4.779788
-4.753713
-4.771403
-4.744459
-4.717313
-4.775256
-4.683540
-4.634711
-4.648108
-4.578701
-4.530190
-4.461925
-4.334958
-4.386178
-4.280587
-4.291451
-4.187614
-4.178983
-4.040060
-4.013395
-3.932204
-3.869996
-3.790726
-3.800080
-3.669971
-3.610551
-3.568682
-3.493635
-3.403078
-3.411879
-3.339096
-3.331075
-3.259550
-3.235681
-3.150202
-3.111625
-3.058302
-3.005574
-2.953448
-2.916359
-2.893755
-2.814737
-2.834275
-2.756609
-2.802072
-2.712058
-2.755517
-2.667017
-2.669999
-2.596208
-2.623617
-2.538651
-2.528206
-2.457390
-2.482389
-2.424372
-2.424709
-2.390323
-2.389690
-2.366313
-2.353711
-2.297969
-2.295761
-2.282501
-2.248421
-2.204529
-2.181023
-2.186765
-2.153099
-2.138618
-2.067914
-2.145335
-2.075169
-2.104076
-2.043895
-2.053582
-1.986077
-2.019695
-1.953292
-1.960588
-1.911505
-1.909837
-1.869220
-1.851643
-1.819094
-1.808543
-1.783283
-1.765033
-1.753415
-1.734612
-1.715617
-1.689942
-1.664324
-1.638767
-1.613284
-1.575875
-1.562505
-1.519954
-1.523309
-1.481389
-1.461884
-1.431639
-1.417282
-1.361936
-1.357718
-1.308945
-1.294658
-1.247470
-1.237848
-1.196569
-1.182298
-1.142261
-1.115585
-1.089216
-1.071065
-1.037419
-1.019516
-0.990556
-0.962089
-0.941091
-0.913435
-0.879667
-0.859608
-0.833422
-0.807719
-0.779530
-0.751990
-0.741875
-0.712388
-0.699525
-0.671137
-0.658423
-0.631108
-0.613888
-0.590052
-0.577750
-0.550505
-0.540508
-0.512459
-0.500689
-0.479595
-0.462629
-0.444252
-0.431268
-0.408792
-0.394758
-0.377965
-0.363003
-0.348348
-0.335289
-0.321178
-0.304988
-0.293870
-0.276316
-0.263617
-0.246272
-0.239115
-0.224630
-0.216659
-0.200575
-0.192932
-0.180205
-0.171417
-0.160202
-0.151846
-0.140809
-0.133463
-0.123725
-0.114417
-0.106391
-0.099853
-0.091584
-0.084404
-0.077829
-0.071778
-0.065143
-0.059793
-0.053964
-0.048623
-0.043542
-0.038570
-0.033900
-0.029761
-0.025761
-0.021527
-0.018587
-0.015243
-0.012442
-0.009643
-0.007556
-0.005445
-0.003855
-0.002420
-0.001377
-0.000610
-0.000154
-0.000000
